0 0 0 0 0 0 0 0 0 0 0 0 0 0 0 0 0 0 836 838 838 836 1 3 1 2 3 3 3 2 3 1 2 2 2 1 2 1 2 1 3 1
0 0 0 0 0 0 0 0 836 837 838 838 837 838 836 836 837 836 836 836 838 837 2 2 2 1 1 3 1 2 2 3 1 1 1 3 3 2 1 2 2 2
0 0 0 0 0 0 0 0 0 0 0 0 0 837 836 838 838 837 837 837 836 836 1 2 3 1 3 3 3 2 3 2 1 2 2 1 3 3 1 3 2 1
0 0 0 0 0 0 0 0 0 0 0 0 0 0 0 0 0 0 0 0 0 0 0 0 0 837 838 836 838 836 836 838 836 836 838 837 836 838 838 837 836 837
0 0 0 0 0 0 0 837 838 836 837 838 837 838 836 836 838 837 836 836 837 838 3 1 2 2 2 1 3 2 3 3 2 1 2 2 3 3 1 2 2 1
0 0 0 0 0 0 0 0 0 0 838 836 837 837 838 837 838 836 838 837 838 837 1 1 3 1 2 1 3 3 2 2 3 3 3 3 2 3 2 3 1 1
0 0 0 0 0 0 0 0 0 0 0 836 836 838 838 837 837 837 836 837 838 836 2 2 2 3 1 3 1 1 3 2 2 3 3 2 1 1 2 3 1 3
0 0 0 0 0 0 0 0 0 0 0 0 0 0 0 0 0 0 0 0 0 0 0 836 836 838 836 837 837 836 838 838 837 836 837 837 837 838 836 837 836 836
0 0 0 0 0 0 0 0 0 0 0 0 0 0 0 0 0 0 0 0 0 838 2 3 2 3 3 2 3 1 1 2 1 1 2 1 3 1 2 2 2 1
0 0 0 0 0 0 0 0 0 0 0 0 0 0 0 0 0 0 0 0 836 837 2 1 2 1 2 3 3 2 3 1 2 3 1 2 3 3 1 2 3 3
0 0 0 0 0 0 0 0 0 0 0 0 0 0 0 0 0 838 838 836 836 838 3 1 3 1 2 1 2 2 1 3 1 1 3 1 1 3 3 3 2 1
0 0 0 0 0 0 0 0 0 0 0 0 0 0 837 836 837 838 836 837 836 836 1 1 3 2 2 2 3 2 1 1 1 2 1 2 3 3 2 1 3 1
0 0 0 0 0 836 837 838 837 836 837 838 837 836 836 838 837 836 838 836 836 836 1 3 2 1 1 2 2 3 3 1 2 2 2 1 2 1 2 1 1 3
0 0 0 0 0 0 0 0 0 0 0 0 0 0 0 838 838 836 836 838 838 836 1 1 2 3 3 2 3 3 2 3 3 1 3 3 2 1 2 2 2 2
0 0 0 0 0 0 0 0 0 0 0 0 0 0 0 0 0 0 0 0 0 0 0 0 0 0 0 0 0 0 0 0 0 0 838 836 837 837 838 837 838 836
0 0 0 0 0 0 0 0 0 0 0 0 0 0 0 0 0 0 0 836 838 838 1 1 2 3 3 3 1 3 3 3 2 3 2 2 1 3 3 1 2 3
0 0 0 0 0 0 0 0 0 836 838 837 837 837 838 838 838 837 836 837 836 837 2 2 1 3 1 1 2 3 1 3 3 2 1 3 3 2 3 1 2 3
0 0 0 0 0 0 0 0 0 0 0 0 0 0 0 0 0 0 0 0 0 0 0 0 0 0 0 0 0 0 0 0 0 0 0 0 0 0 836 837 837 838
0 0 0 0 0 0 0 0 0 0 0 0 0 0 0 0 0 0 0 0 0 0 0 0 0 0 0 0 0 0 0 0 0 0 0 0 0 0 0 837 836 836
0 0 0 0 0 0 836 836 837 836 838 838 838 836 836 837 837 836 837 838 836 836 2 2 3 1 3 1 1 1 2 2 1 3 1 1 2 3 3 2 3 2
0 0 0 0 0 0 0 0 0 0 0 0 0 0 0 0 0 0 0 0 0 0 0 0 838 838 836 838 837 836 838 836 836 836 838 838 837 838 838 837 836 838
0 0 0 837 837 838 838 837 837 838 838 836 838 838 837 838 838 837 837 836 838 836 3 1 2 3 1 3 3 2 1 2 2 3 2 2 2 2 1 2 2 3
0 0 0 0 0 0 0 0 0 0 0 0 0 0 0 0 0 0 0 0 0 0 0 0 0 0 0 0 0 0 838 836 837 838 838 836 838 837 837 836 837 836
0 0 0 0 0 0 0 0 0 0 0 0 0 0 0 0 0 0 0 0 0 0 0 0 0 0 0 836 836 837 838 838 838 836 838 837 836 836 837 836 837 836
0 0 0 0 0 0 0 0 0 0 0 0 836 838 838 838 838 836 838 837 837 837 1 2 1 2 1 1 2 1 2 1 3 1 1 2 2 3 3 1 3 2
0 0 0 0 0 0 0 0 0 0 0 0 0 0 0 0 0 0 0 0 0 0 0 0 0 0 0 0 0 0 0 0 0 0 0 0 0 0 0 0 0 838
0 0 0 0 836 838 837 838 838 836 837 838 838 837 837 837 837 838 838 837 836 836 3 2 2 1 3 2 1 2 2 1 3 1 2 2 1 1 2 2 2 2
0 0 0 0 0 0 0 0 0 0 0 0 0 0 0 0 0 0 0 0 0 0 0 0 0 0 0 0 0 0 0 0 0 0 0 0 0 838 837 838 837 837
0 0 0 0 0 0 0 0 0 0 0 0 0 0 0 0 0 0 0 0 0 0 0 0 0 0 0 0 0 0 0 0 0 0 0 0 837 838 837 836 838 838
0 0 0 0 0 0 0 0 0 0 0 0 0 0 0 0 0 0 0 0 0 0 0 0 0 0 0 0 0 0 0 837 836 838 836 838 836 837 836 838 838 838
0 0 0 0 0 0 0 0 0 0 0 0 0 0 0 0 836 838 836 838 838 838 1 1 1 2 1 3 2 3 2 1 1 3 1 1 3 1 3 1 3 1
0 0 0 0 0 0 0 0 0 0 0 0 0 0 0 0 0 0 0 0 0 0 0 0 0 0 0 0 0 0 0 0 836 836 837 836 836 838 838 838 837 837
0 0 0 0 0 0 0 0 0 0 0 0 0 0 0 0 0 0 0 0 0 0 837 838 838 837 838 836 838 838 837 837 837 836 838 838 838 836 838 837 837 837
0 0 837 836 836 836 836 837 838 838 838 837 837 838 837 838 838 838 838 836 836 838 1 3 2 2 1 1 2 3 2 2 1 1 2 2 2 3 3 1 3 2
0 0 0 0 0 0 0 0 0 0 0 0 0 0 0 0 0 0 0 0 0 0 0 0 0 0 837 836 837 836 836 837 837 836 838 838 838 838 838 837 838 837
0 0 0 0 0 0 0 0 0 0 0 0 0 0 0 0 0 0 0 0 0 0 0 0 0 0 0 0 0 0 0 0 0 836 836 836 838 836 838 836 836 837
0 836 838 836 838 837 837 838 836 837 836 838 837 837 837 836 837 837 838 836 838 836 1 2 1 3 3 1 1 3 3 1 2 2 3 1 3 3 2 2 3 3
0 0 0 0 0 0 0 0 0 0 0 0 0 0 0 0 0 0 0 0 0 0 0 0 0 0 0 0 0 837 836 836 837 837 837 838 836 837 837 838 838 837
0 0 0 0 0 0 0 0 0 0 0 0 0 0 0 0 0 0 0 0 0 0 0 0 0 0 0 0 0 0 0 0 0 0 0 0 0 0 0 0 836 838
0 0 0 0 0 0 0 0 0 0 0 0 0 0 0 0 0 0 0 0 0 0 0 0 0 0 0 0 0 0 0 0 0 0 0 837 836 836 838 838 838 836
0 0 0 0 0 0 0 0 0 0 0 0 0 0 0 0 0 0 0 0 0 0 0 0 0 0 0 0 836 836 837 836 837 838 838 836 836 838 838 837 836 836
0 0 0 0 0 0 0 0 0 0 0 0 0 0 0 0 0 0 0 0 0 0 0 0 0 0 0 0 0 0 0 0 0 0 0 0 0 0 0 0 0 0
