0 0 0 0 0 0 0 0 0 0 0 0 0 0 0 0 0 460 462 461 460 460 462 462 461 461 461 460 462 461 461 460
0 0 0 0 0 0 0 0 0 0 0 0 0 0 0 0 0 0 0 0 0 0 0 0 0 0 0 0 0 0 461 460
0 0 0 0 0 0 0 0 0 0 0 0 0 462 460 461 461 1 1 2 1 1 2 3 3 3 1 3 3 1 3 2
0 0 0 462 462 462 461 461 460 460 462 460 461 460 460 461 460 2 1 2 1 3 2 3 3 2 2 2 3 2 2 3
0 0 0 0 0 0 0 0 0 0 0 0 0 0 0 0 0 0 460 460 462 460 462 460 462 460 462 460 460 462 460 462
0 0 0 0 0 0 0 0 0 0 0 0 0 0 0 0 0 0 0 0 0 460 460 461 462 462 460 462 461 461 460 460
0 0 0 0 0 0 0 0 0 0 0 0 0 0 0 0 0 0 0 0 0 0 0 0 0 0 462 462 461 462 461 460
0 0 0 0 0 0 0 0 0 0 0 0 0 0 0 0 0 0 0 0 0 0 0 0 0 0 0 0 0 0 0 462
0 0 0 0 0 0 0 0 0 0 0 0 0 0 0 0 0 0 0 0 461 460 461 460 461 460 461 462 461 460 460 460
0 0 0 0 0 0 0 0 0 0 0 0 0 0 0 0 0 0 0 0 0 0 0 0 0 461 460 460 460 462 460 460
0 0 0 0 0 0 0 0 0 0 0 0 0 0 0 0 0 0 0 0 0 0 0 0 0 0 0 0 0 462 460 462
0 0 0 0 0 0 0 0 0 0 0 0 0 0 0 0 0 0 0 0 0 0 462 461 462 461 462 462 460 461 461 462
0 0 0 0 0 0 0 0 0 0 0 0 0 0 0 461 462 1 1 3 2 3 3 1 2 3 1 1 2 1 3 1
0 0 0 0 0 0 0 0 0 460 461 460 460 461 460 460 461 3 3 2 3 1 1 2 2 3 2 2 2 2 1 3
0 0 0 0 0 0 0 0 0 0 461 460 460 460 462 460 462 2 1 1 3 2 2 2 1 1 1 3 1 2 1 2
0 0 0 0 0 0 0 0 0 0 0 0 0 0 0 0 0 0 0 0 0 0 0 462 461 462 460 460 461 462 462 460
0 0 0 0 0 0 0 0 0 0 0 462 460 462 460 462 462 1 3 3 3 1 3 2 2 3 3 1 2 2 3 2
0 0 0 0 0 0 0 0 0 0 0 0 0 0 0 0 0 0 0 0 0 0 0 0 0 0 0 0 461 461 461 462
0 0 462 460 460 460 461 461 462 461 462 460 462 462 461 461 461 1 1 3 2 2 3 1 3 3 2 2 3 1 2 1
0 0 0 0 462 460 462 462 460 460 460 461 461 460 461 461 460 1 3 2 1 2 3 1 1 1 1 1 2 2 3 1
0 0 0 0 0 460 462 462 460 460 461 460 460 462 462 462 462 3 1 3 2 2 3 2 2 1 3 2 2 1 3 3
0 0 0 0 0 0 0 0 0 0 0 0 0 0 460 462 462 3 3 2 2 2 2 1 3 1 2 2 2 1 1 1
0 0 0 0 0 0 0 460 462 460 461 460 461 460 462 462 462 3 1 3 2 3 2 3 1 3 3 2 1 1 1 1
0 0 0 0 0 0 0 0 0 0 0 0 0 0 0 0 461 1 3 1 1 3 1 1 1 1 1 1 2 2 3 3
0 0 0 0 0 0 0 0 0 0 0 0 0 0 0 0 0 0 0 0 0 0 0 0 0 0 0 461 461 462 460 460
0 462 461 461 462 462 462 462 461 460 461 462 461 462 460 460 462 2 2 2 2 2 2 2 2 2 1 3 1 3 1 1
0 0 0 0 0 0 0 0 462 462 460 460 460 460 461 461 462 2 1 2 1 1 2 1 1 2 2 1 1 3 1 1
0 0 0 0 0 0 0 0 0 0 0 0 0 0 0 0 0 0 0 461 461 460 460 461 462 461 461 460 461 462 462 461
0 0 0 0 0 0 462 462 460 462 462 460 460 461 461 462 462 1 3 2 1 2 2 2 1 3 1 2 1 2 1 2
0 0 0 0 0 0 0 0 0 0 0 0 0 0 0 0 0 0 0 0 0 0 0 0 460 461 460 460 460 462 462 462
0 0 0 0 0 0 0 0 0 0 0 0 461 460 460 462 462 3 2 1 3 3 1 3 1 3 2 1 2 2 2 2
0 0 0 0 0 0 0 0 0 0 0 0 0 0 0 0 0 0 0 0 0 0 0 0 0 0 0 0 0 0 0 0
