0 0 0 0 0 0 0 0 0 0 0 0 0 0 0 0 0 0 0 0 0 0 0 0 0 0 490 488 490 488 488 488 489
0 0 0 0 0 0 0 0 0 0 0 0 0 0 0 0 0 0 0 0 489 489 488 488 490 490 488 488 488 488 488 489 488
0 0 0 0 0 0 0 0 0 0 0 0 0 0 0 0 0 0 0 0 0 0 489 488 489 490 488 490 488 489 490 489 489
0 0 0 490 488 489 488 488 490 490 489 488 488 488 490 489 488 1 2 3 3 3 1 1 3 3 2 2 3 1 3 2 3
0 0 0 0 0 0 0 488 488 490 490 488 488 488 488 490 489 2 1 1 1 2 2 1 3 2 3 1 2 3 1 3 2
0 0 0 0 0 0 0 0 0 0 0 0 0 0 489 490 490 1 2 2 1 1 3 3 1 2 1 3 2 2 3 1 3
0 0 0 0 0 0 490 490 489 490 490 490 489 488 490 489 489 2 3 1 1 1 2 3 1 1 2 1 2 2 3 1 1
0 0 0 0 0 0 0 0 490 488 488 488 489 489 490 489 489 1 1 1 2 2 3 1 1 1 1 2 1 1 2 2 1
0 0 0 0 0 0 0 0 0 0 488 489 490 489 489 488 489 2 2 1 1 3 3 3 3 3 1 1 2 3 3 2 3
0 0 0 0 0 0 0 0 0 490 488 489 489 489 489 488 490 3 3 3 1 1 2 3 3 3 2 3 1 1 2 1 3
0 0 0 0 0 0 0 0 0 0 0 0 0 0 0 0 0 490 490 489 489 488 489 490 490 488 488 489 488 490 489 488 490
0 0 0 0 0 0 0 0 0 0 0 0 0 0 0 0 0 0 490 489 488 488 488 490 489 489 490 488 488 490 488 488 490
0 0 0 0 0 0 0 0 0 0 0 0 0 0 0 0 0 0 0 0 0 0 0 0 0 0 0 489 488 488 489 490 489
0 0 489 490 488 488 488 488 489 490 488 490 488 489 490 488 489 1 1 3 1 3 3 2 1 1 3 2 2 3 3 1 2
0 0 0 0 0 0 0 0 0 0 0 0 0 0 0 0 0 0 0 0 0 0 0 0 0 0 0 0 0 490 490 490 488
0 0 0 0 0 0 0 0 0 0 0 0 0 0 0 0 489 2 2 3 3 1 2 3 1 1 1 2 1 1 3 1 2
0 0 0 0 0 0 0 0 0 0 0 0 0 0 0 0 0 0 0 0 0 0 0 0 0 0 0 0 488 489 488 488 488
0 0 0 0 0 0 0 0 0 0 0 0 0 0 0 0 0 0 0 0 0 0 0 0 0 0 0 0 0 0 0 489 489
0 0 0 0 0 0 0 0 0 0 0 0 0 0 0 0 0 0 0 0 0 0 0 490 490 489 488 489 490 489 490 488 488
0 0 0 0 0 0 0 0 0 0 0 0 0 0 0 0 0 0 0 488 489 488 488 490 488 490 490 488 490 488 490 490 489
0 0 0 0 0 0 0 0 0 0 0 0 0 0 0 0 0 0 0 0 0 489 488 488 490 489 490 488 488 489 489 488 489
0 0 0 0 0 0 0 0 0 0 0 0 0 0 0 0 0 0 0 0 0 0 0 0 0 0 0 0 0 0 0 0 490
0 0 0 0 0 0 0 0 0 0 0 0 490 490 490 488 490 3 3 3 2 1 1 2 1 1 1 1 1 2 2 3 3
0 0 0 0 0 489 488 490 490 490 490 488 489 490 488 490 490 3 1 1 3 2 1 1 3 1 1 1 1 2 2 3 2
0 489 488 488 490 490 488 488 490 488 490 489 490 490 490 490 489 1 1 1 1 1 1 1 3 1 3 2 2 2 1 1 3
0 0 0 0 490 488 488 488 488 489 489 490 490 489 488 489 488 1 2 3 2 2 1 2 2 3 1 3 2 2 3 3 1
0 0 0 0 0 0 0 0 0 0 0 0 0 0 0 0 0 0 0 0 0 0 0 0 0 0 0 0 0 0 489 488 490
0 0 0 0 0 0 0 0 0 0 0 0 0 0 0 0 0 0 0 0 0 0 0 0 488 488 490 490 490 489 490 490 488
0 0 0 0 0 0 0 0 0 0 0 0 0 0 0 488 489 2 1 3 2 2 2 2 3 2 1 1 3 2 3 2 1
0 0 0 0 0 0 0 0 0 0 0 0 0 489 488 490 488 1 3 2 1 1 1 1 2 2 2 3 2 3 3 2 3
0 0 0 0 0 0 0 0 0 0 0 490 489 490 488 490 489 2 1 2 1 2 3 1 2 1 1 3 3 1 1 3 2
0 0 0 0 0 0 0 0 0 0 0 0 0 0 0 0 0 0 0 0 0 0 0 0 0 490 490 488 490 488 490 489 489
0 0 0 0 0 0 0 0 0 0 0 0 0 0 0 0 0 0 0 0 0 0 0 0 0 0 0 0 0 0 0 0 0
