0 0 0 0 0 0 0 0 0 0 0 0 107 105 105
0 105 105 106 106 107 107 107 2 2 2 3 1 1 3
0 0 0 0 0 107 107 105 3 3 1 1 2 1 3
0 0 0 106 107 105 106 106 3 2 1 2 3 1 3
0 0 0 0 0 0 0 105 2 1 1 2 1 1 3
0 0 0 0 0 0 106 105 3 3 1 3 2 2 3
0 0 0 0 0 0 0 0 106 106 105 106 105 105 107
0 0 107 106 107 106 107 105 2 3 2 3 3 1 2
0 0 0 0 0 0 0 0 0 0 0 106 105 106 107
0 0 0 0 0 0 0 0 0 0 0 0 0 106 105
0 0 0 0 0 0 0 0 0 107 107 106 106 106 105
0 0 0 0 105 107 107 107 3 2 3 3 3 1 3
0 0 0 0 0 0 0 0 0 0 0 0 0 0 105
0 0 0 0 0 0 0 0 0 0 105 105 105 106 107
0 0 0 0 0 0 0 0 0 0 0 0 0 0 0
