0 0 0 0 0 0 209 209 207 207 209 1 1 1 3 1 3 3 2 1 2
0 0 207 207 208 207 208 208 207 209 207 3 2 3 3 3 1 3 1 1 1
0 0 0 0 0 0 0 0 0 0 0 0 209 209 209 208 208 208 209 209 209
0 0 0 0 0 0 0 0 0 207 207 1 3 2 2 2 2 3 2 1 1
0 0 0 0 0 209 207 207 208 209 208 2 3 3 3 2 1 2 2 3 3
0 0 0 0 0 0 0 0 0 0 0 0 0 0 0 0 0 0 0 0 209
0 0 0 207 207 209 207 208 208 209 209 3 2 2 2 3 2 2 2 2 2
0 0 0 0 0 0 0 0 0 0 0 0 0 207 208 209 209 208 208 208 208
0 209 207 209 207 208 209 208 207 208 207 2 1 3 3 1 1 1 3 1 2
0 0 0 0 0 0 0 0 0 0 0 0 0 0 0 0 0 0 0 208 209
0 0 0 0 0 0 0 0 0 0 0 0 0 0 207 208 208 208 208 207 207
0 0 0 0 0 0 0 0 0 0 0 0 0 0 0 0 0 207 207 207 207
0 0 0 0 0 0 0 0 209 208 209 2 1 2 1 2 3 3 2 3 3
0 0 0 0 0 0 0 0 0 0 208 1 2 2 3 2 3 2 1 1 2
0 0 0 0 0 0 0 0 0 0 0 207 207 207 208 209 207 209 208 208 209
0 0 0 0 0 0 0 207 207 208 208 2 3 1 2 3 3 1 2 3 3
0 0 0 0 208 208 209 207 208 207 208 3 3 1 2 1 3 3 2 2 1
0 0 0 0 0 0 0 0 0 0 0 0 0 0 0 0 0 0 208 208 209
0 0 0 0 0 0 0 0 0 0 0 0 0 0 0 0 209 207 208 207 207
0 0 0 0 0 0 0 0 0 0 0 0 0 0 0 209 209 209 209 207 208
0 0 0 0 0 0 0 0 0 0 0 0 0 0 0 0 0 0 0 0 0
