0 0 0 0 0 0 0 0 0 0 0 0 0 0 0 0 0 0 0 0 0 0 0 289 287
0 0 0 0 0 289 287 287 287 287 289 287 289 2 2 3 3 3 2 1 2 2 1 2 2
0 0 0 0 0 0 0 0 287 288 289 288 287 1 3 1 1 2 3 2 2 1 2 2 2
0 0 0 0 0 0 0 288 287 287 288 287 289 2 1 3 1 2 3 3 2 2 1 2 2
0 0 0 0 0 0 0 0 0 287 287 288 288 2 2 2 2 1 3 3 1 1 3 2 3
0 0 0 0 0 0 0 0 0 0 0 0 0 0 0 0 0 0 0 0 0 0 288 287 288
0 0 0 0 0 0 0 0 0 0 0 0 0 0 0 0 0 0 0 0 288 289 287 288 288
0 0 0 0 0 0 0 0 0 0 0 289 288 3 1 1 3 3 3 3 1 2 2 3 3
0 0 0 0 0 0 0 0 0 0 0 0 0 0 0 0 0 0 0 0 0 288 287 288 287
0 289 289 287 287 288 288 287 288 287 287 288 287 2 2 2 3 1 3 3 1 1 3 1 2
0 0 0 0 288 287 287 289 289 289 287 287 287 2 2 3 2 2 3 2 2 2 1 1 2
0 0 0 0 0 0 0 0 0 0 288 287 287 2 3 1 3 1 1 3 1 1 3 1 1
0 0 0 0 0 0 0 0 0 0 0 0 0 0 0 0 287 289 288 287 288 288 287 287 289
0 0 0 0 0 0 0 0 0 0 0 0 0 0 289 288 288 288 289 289 288 288 289 287 288
0 0 0 289 289 287 289 289 289 287 289 288 288 2 3 3 3 3 3 3 1 2 2 2 3
0 0 0 0 0 0 0 0 0 0 0 0 0 0 0 0 0 0 0 288 288 289 288 289 288
0 0 0 0 0 0 0 0 0 0 0 0 0 0 0 0 0 287 287 288 288 288 287 289 289
0 0 0 0 0 0 0 0 0 0 0 0 0 288 289 287 287 289 289 287 288 288 287 289 288
0 0 289 287 287 287 287 287 287 287 287 287 288 3 1 1 3 2 2 2 2 1 3 1 2
0 0 0 0 0 0 0 0 0 0 0 0 0 0 0 0 0 0 0 0 0 0 0 0 287
0 0 0 0 0 0 0 0 0 0 0 0 0 0 0 0 0 0 287 287 288 287 287 287 287
0 0 0 0 0 0 0 0 0 0 0 0 287 2 2 1 3 1 2 1 1 2 2 2 2
0 0 0 0 0 0 0 0 0 0 0 0 0 0 0 289 288 289 288 288 289 287 287 289 289
0 0 0 0 0 0 289 288 287 287 288 288 288 1 3 2 1 1 1 1 2 3 1 1 3
0 0 0 0 0 0 0 0 0 0 0 0 0 0 0 0 0 0 0 0 0 0 0 0 0
