0 0 0 0 0 0 1017 1017 1017 1017 1016 1017 1018 1018 1016 1018 1016 1016 1018 1018 1018 1018 1016 1017 1 1 3 1 1 2 2 3 2 2 3 3 2 3 3 3 1 3 1 2 3 2
0 0 0 0 0 0 0 1018 1017 1018 1016 1016 1017 1017 1016 1018 1017 1017 1017 1017 1017 1018 1016 1016 2 3 3 3 1 1 2 3 2 2 1 2 3 2 2 1 1 3 2 3 1 3
0 0 0 0 0 0 0 0 0 0 0 0 0 1017 1016 1017 1018 1018 1016 1016 1017 1017 1017 1018 3 1 3 3 3 1 3 2 3 1 3 1 3 1 2 2 2 3 1 1 1 2
0 0 0 0 0 0 0 0 0 0 0 0 1018 1017 1017 1017 1016 1017 1017 1016 1016 1017 1016 1017 1 2 2 1 2 3 3 1 3 2 1 1 1 1 3 2 3 2 3 2 1 3
0 0 0 0 0 0 0 0 0 0 0 0 0 0 0 0 0 0 0 0 0 0 0 0 0 0 0 0 0 0 0 0 0 0 0 0 0 0 0 0 0 0 0 0 1017 1018
0 0 0 0 0 0 0 0 0 0 0 0 0 0 0 0 0 0 0 0 0 0 0 0 0 0 0 0 0 0 0 0 0 0 0 0 1018 1018 1016 1018 1016 1018 1018 1016 1016 1017
0 0 0 0 0 0 0 0 0 0 0 0 0 0 0 0 0 0 0 0 0 0 1017 1016 2 2 2 3 2 3 3 1 1 2 1 1 3 3 1 1 3 1 2 1 1 2
0 1017 1016 1016 1017 1016 1018 1016 1016 1016 1016 1017 1016 1018 1016 1018 1017 1016 1018 1016 1018 1016 1016 1017 3 3 1 3 3 1 1 2 2 1 1 3 3 3 1 3 1 3 3 1 3 3
0 0 0 0 0 0 0 0 0 0 0 0 0 0 0 0 0 0 0 0 0 0 0 0 0 0 0 1017 1018 1018 1018 1018 1016 1016 1016 1018 1017 1018 1016 1018 1016 1018 1016 1016 1016 1017
0 0 0 0 0 1016 1017 1018 1018 1017 1018 1016 1018 1016 1016 1018 1018 1017 1017 1016 1017 1017 1018 1016 2 3 3 2 2 2 1 1 3 2 1 3 1 3 1 3 3 1 2 2 1 3
0 0 0 0 0 0 0 0 0 0 0 0 0 0 0 0 0 0 0 0 0 0 0 0 0 0 0 0 0 0 0 1018 1018 1017 1016 1016 1016 1016 1016 1018 1017 1016 1016 1016 1016 1016
0 0 0 0 0 0 0 0 0 0 0 0 0 0 0 0 1016 1017 1018 1017 1018 1017 1016 1017 2 1 2 1 1 3 2 2 3 2 2 2 2 3 1 1 1 2 2 2 2 2
0 0 0 0 0 0 0 0 0 0 1016 1018 1017 1016 1017 1016 1018 1017 1018 1016 1016 1016 1017 1017 2 1 3 2 1 3 2 2 2 2 3 1 1 1 2 2 3 2 1 2 2 1
0 0 0 0 0 0 0 0 0 0 0 0 0 0 0 0 0 0 0 0 0 0 0 0 0 0 0 0 0 0 0 0 0 0 0 0 0 0 0 0 0 0 0 1018 1016 1018
0 0 0 0 0 0 0 0 0 0 0 0 0 0 0 0 0 0 0 0 1017 1017 1017 1016 2 2 2 2 1 1 3 1 1 3 1 2 2 2 3 1 2 2 2 3 2 1
0 0 0 0 0 0 0 0 0 0 0 0 0 0 0 0 0 0 0 0 0 0 0 0 0 0 0 0 0 0 0 0 0 0 0 0 0 0 0 0 0 1018 1018 1017 1016 1016
0 0 0 0 0 0 0 0 0 0 0 0 0 0 0 0 0 0 0 0 0 0 0 0 0 0 0 0 0 0 0 0 0 0 0 0 0 0 1017 1017 1017 1018 1016 1016 1018 1017
0 0 0 0 0 0 0 0 0 0 0 0 0 0 0 0 0 0 0 0 0 0 0 0 0 0 0 0 0 0 0 0 0 0 1017 1017 1017 1016 1016 1018 1018 1018 1017 1016 1017 1018
0 0 0 0 0 0 0 0 0 0 0 0 0 0 0 0 0 0 0 0 0 0 0 0 0 0 1016 1017 1016 1017 1017 1016 1016 1018 1017 1017 1017 1018 1018 1016 1017 1018 1016 1017 1018 1017
0 0 0 0 0 0 0 0 0 0 0 0 0 0 0 0 0 0 0 0 0 0 0 0 0 0 0 0 0 0 0 0 0 0 0 0 0 0 0 1017 1016 1017 1017 1018 1018 1016
0 0 0 0 0 0 0 0 0 0 0 0 0 0 0 0 0 0 0 0 0 0 0 0 1017 1016 1016 1016 1018 1016 1016 1018 1018 1016 1018 1016 1016 1016 1018 1018 1017 1018 1018 1018 1017 1017
0 0 0 0 0 0 0 0 0 0 0 0 0 0 0 0 0 0 0 0 0 0 0 0 0 0 0 0 0 0 0 0 0 0 0 0 0 0 0 0 0 0 0 0 0 1018
0 0 0 0 0 0 0 0 0 0 0 0 0 0 0 0 0 0 0 0 0 1016 1017 1017 2 3 2 3 2 3 3 3 3 3 3 2 2 3 2 2 1 1 2 2 1 2
0 0 0 0 0 0 0 0 0 0 0 0 0 0 0 0 0 0 0 0 0 0 0 0 0 0 0 0 0 0 1016 1016 1018 1017 1016 1018 1017 1017 1018 1018 1017 1016 1018 1018 1017 1016
0 0 0 0 1018 1017 1017 1018 1017 1016 1018 1018 1018 1016 1017 1018 1016 1017 1016 1018 1018 1016 1018 1017 1 3 3 3 1 2 2 1 2 2 3 2 2 1 2 2 1 2 1 3 1 1
0 0 0 0 0 0 0 0 0 0 0 0 0 0 0 1016 1018 1018 1016 1018 1018 1017 1016 1016 2 3 2 3 1 1 3 1 2 1 2 2 3 3 1 1 1 3 2 2 2 3
0 0 0 0 0 0 0 0 0 0 0 0 0 0 0 0 0 0 0 0 0 0 0 0 0 0 0 0 0 0 0 0 0 0 0 0 0 0 0 0 1017 1016 1016 1016 1018 1018
0 0 0 0 0 0 0 0 0 0 0 0 0 0 0 0 0 0 0 0 0 0 0 0 0 0 0 0 0 0 0 0 0 0 0 0 0 0 0 0 0 0 1018 1018 1018 1017
0 0 0 0 0 0 0 0 0 0 0 1017 1018 1016 1018 1017 1018 1017 1017 1016 1018 1016 1017 1016 1 3 2 3 3 1 3 3 1 1 1 3 2 2 2 3 2 3 2 2 2 1
0 0 0 0 0 0 0 0 1018 1017 1016 1018 1016 1018 1018 1018 1018 1016 1016 1018 1016 1017 1018 1018 1 2 1 1 3 1 1 2 2 2 1 2 2 1 1 2 1 1 2 3 3 1
0 0 1018 1018 1016 1018 1017 1018 1017 1018 1017 1016 1016 1018 1016 1018 1018 1018 1016 1016 1016 1017 1017 1017 1 2 2 1 2 3 1 3 3 1 3 1 3 2 3 3 1 3 2 1 1 2
0 0 0 0 0 0 0 0 0 1018 1018 1017 1016 1017 1017 1016 1016 1018 1018 1016 1016 1018 1016 1018 2 3 3 2 1 3 2 1 3 3 2 3 2 2 2 3 2 2 2 3 3 3
0 0 0 0 0 0 0 0 0 0 0 0 0 0 1016 1017 1016 1017 1016 1018 1017 1018 1018 1016 2 1 2 2 3 1 3 1 2 3 3 2 2 1 2 3 1 2 1 2 3 1
0 0 0 0 0 0 0 0 0 0 0 0 0 0 0 0 0 1016 1018 1018 1018 1017 1017 1018 3 1 2 2 3 3 2 2 3 2 2 3 2 1 1 3 3 1 2 1 1 3
0 0 0 0 0 0 0 0 0 0 0 0 0 0 0 0 0 0 1016 1018 1018 1016 1016 1016 3 2 1 2 1 1 3 1 1 1 2 3 2 2 3 3 1 2 1 2 2 1
0 0 0 0 0 0 0 0 0 0 0 0 0 0 0 0 0 0 0 0 0 0 0 0 0 0 0 0 0 0 0 0 0 0 0 1018 1016 1016 1017 1017 1017 1016 1017 1018 1017 1016
0 0 0 0 0 0 0 0 0 0 0 0 0 0 0 0 0 0 0 0 0 0 0 0 0 0 0 0 0 1016 1018 1016 1016 1018 1016 1018 1017 1016 1018 1018 1017 1016 1018 1016 1018 1018
0 0 0 0 0 0 0 0 0 0 0 0 0 0 0 0 0 0 0 0 0 0 0 0 0 0 0 0 0 0 0 0 0 1016 1017 1016 1017 1016 1016 1018 1018 1018 1017 1018 1016 1018
0 0 0 0 0 0 0 0 0 0 0 0 0 0 0 0 0 0 0 0 0 0 0 0 0 0 0 0 0 0 0 0 1018 1017 1018 1016 1017 1017 1018 1018 1018 1018 1017 1016 1017 1016
0 0 0 0 0 0 0 0 0 0 0 0 0 0 0 0 0 0 0 1017 1018 1016 1017 1016 3 3 2 1 3 1 2 2 3 1 1 3 1 1 2 2 3 1 3 3 1 2
0 0 0 0 0 0 0 0 0 0 0 0 0 0 0 0 0 0 0 0 0 0 0 1017 3 1 1 3 2 1 1 2 1 3 3 1 1 3 1 2 1 3 1 2 2 2
0 0 0 0 0 0 0 0 0 0 0 0 0 0 0 0 0 0 0 0 0 0 0 0 0 0 0 0 0 0 0 0 0 0 0 0 0 1018 1016 1017 1017 1018 1017 1016 1018 1017
0 0 0 0 0 0 0 0 0 0 0 0 0 0 0 0 0 0 0 0 0 0 0 0 0 1018 1018 1016 1017 1018 1016 1017 1017 1017 1018 1016 1016 1018 1018 1018 1018 1016 1016 1017 1018 1017
0 0 0 0 0 0 0 0 0 0 0 0 0 0 0 0 0 0 0 0 0 0 0 0 0 0 0 0 1016 1016 1017 1018 1017 1018 1016 1018 1018 1016 1018 1016 1017 1017 1016 1018 1017 1017
0 0 0 1016 1016 1018 1018 1018 1018 1017 1017 1017 1016 1016 1017 1016 1018 1016 1016 1018 1016 1018 1016 1018 3 1 2 1 2 3 3 3 3 2 2 3 3 2 2 3 3 2 2 2 2 3
0 0 0 0 0 0 0 0 0 0 0 0 0 0 0 0 0 0 0 0 0 0 0 0 0 0 0 0 0 0 0 0 0 0 0 0 0 0 0 0 0 0 0 0 0 0
