0 0 0 0 0 0 0 0 0 444 444 444 444 444 445 445 2 2 2 2 3 3 3 1 2 1 2 3 2 1 1
0 0 0 0 0 0 0 0 0 0 0 0 0 0 0 0 0 0 0 0 0 0 0 0 0 0 446 444 445 444 444
0 0 0 0 0 0 0 0 0 0 0 0 0 0 0 0 0 0 445 446 445 446 446 445 446 446 445 446 446 446 445
0 0 0 0 0 0 0 0 0 0 444 446 445 444 445 444 2 1 1 3 1 3 1 2 2 1 3 1 2 3 2
0 0 0 0 0 0 0 0 0 0 0 0 0 0 0 0 0 0 0 0 0 0 0 0 0 0 0 0 0 0 446
0 0 0 446 445 444 444 446 446 446 446 445 446 445 444 445 1 2 3 2 2 1 1 1 3 1 3 2 2 1 2
0 0 0 0 0 0 0 0 0 0 0 0 0 0 0 0 0 446 445 445 445 446 445 444 444 445 445 445 446 446 445
0 0 0 0 446 445 444 446 446 444 444 445 445 444 444 444 1 1 1 1 1 3 3 2 2 2 3 2 1 3 1
0 0 0 0 0 0 0 0 0 0 0 0 0 0 0 0 0 0 0 0 0 0 0 0 444 446 445 446 444 446 444
0 0 0 0 0 0 0 0 0 0 0 0 0 0 0 446 1 1 3 3 1 3 1 1 3 1 3 1 2 1 1
0 0 0 0 0 0 0 0 0 0 0 0 0 0 0 0 0 0 0 0 0 0 0 0 0 0 0 0 444 444 445
0 0 0 0 0 0 0 0 0 0 0 0 0 0 0 0 0 0 0 0 0 0 0 0 0 0 0 0 0 445 445
0 0 0 0 0 0 0 0 0 0 0 0 0 0 446 446 1 1 3 1 2 2 2 2 1 1 1 2 3 3 2
0 0 0 0 0 0 0 0 0 0 0 0 0 0 0 0 0 0 0 0 0 0 0 445 444 444 445 445 444 445 445
0 0 0 0 0 0 0 0 0 0 0 0 0 0 0 0 0 0 0 444 444 446 445 446 446 444 445 446 446 444 444
0 0 0 0 0 0 0 0 0 0 0 445 446 446 446 445 2 1 2 1 3 2 1 1 3 3 2 2 1 2 1
0 0 0 0 0 0 0 0 0 0 0 0 0 0 0 0 0 0 0 0 0 0 0 0 0 0 0 445 444 446 445
0 445 444 445 444 444 444 444 445 444 445 444 444 444 446 445 2 1 1 3 3 1 2 2 1 3 2 3 1 3 2
0 0 0 0 0 0 0 0 0 0 0 0 444 445 444 445 3 2 2 3 2 2 2 2 3 1 1 1 3 2 3
0 0 0 0 0 0 0 0 0 0 0 0 0 0 0 0 445 446 445 445 446 445 446 444 446 446 445 445 446 445 445
0 0 0 0 0 0 0 0 0 0 0 0 0 445 445 444 3 2 2 1 3 1 1 1 1 2 2 3 2 3 2
0 0 0 0 0 0 0 0 0 0 0 0 0 0 0 0 0 0 0 0 0 0 446 444 444 445 446 446 444 445 444
0 0 0 0 0 0 0 0 445 444 444 444 446 445 444 444 2 3 3 3 2 2 3 2 3 1 3 3 2 1 1
0 0 0 0 0 0 446 446 445 444 446 445 446 444 444 444 3 2 3 3 1 3 1 3 2 2 2 1 2 1 2
0 0 0 0 0 0 0 0 0 0 0 0 0 0 0 0 0 0 0 0 0 0 0 0 0 445 446 446 446 445 445
0 0 0 0 0 0 0 446 444 444 446 444 445 446 446 445 2 3 1 3 1 1 2 3 2 2 1 2 3 2 3
0 0 445 444 444 445 444 444 444 445 446 446 444 446 444 444 2 2 3 3 2 2 3 3 1 1 3 1 3 3 2
0 0 0 0 0 0 0 0 0 0 0 0 0 0 0 0 0 0 0 0 0 444 446 446 446 445 444 444 446 446 446
0 0 0 0 0 444 444 445 446 445 446 444 444 445 444 444 3 2 3 3 2 3 1 2 1 2 2 1 1 3 2
0 0 0 0 0 0 0 0 0 0 0 0 0 0 0 0 0 0 0 0 444 445 445 444 444 444 445 444 445 444 446
0 0 0 0 0 0 0 0 0 0 0 0 0 0 0 0 0 0 0 0 0 0 0 0 0 0 0 0 0 0 0
