0 0 394 392 393 392 392 392 393 393 392 394 392 393 394 1 3 3 3 3 3 3 2 2 1 2 3 3 2
0 0 0 0 0 0 0 0 0 0 0 0 0 0 0 0 0 0 393 394 393 393 394 393 393 394 394 394 394
0 0 0 0 0 0 0 0 0 0 0 0 0 0 0 393 393 392 393 393 393 392 393 392 392 393 394 393 392
0 0 0 0 0 0 0 0 0 0 0 0 0 0 392 3 3 1 2 1 2 3 3 2 1 3 2 2 1
0 0 0 0 0 0 0 0 394 394 393 394 392 393 393 2 1 2 2 3 1 2 1 1 1 3 2 3 1
0 0 0 0 0 0 0 0 0 0 0 0 0 0 0 0 0 0 0 0 0 0 0 0 0 0 0 394 392
0 0 0 0 0 0 0 0 0 0 0 0 0 392 392 1 1 2 3 1 3 2 3 2 3 3 1 2 1
0 0 0 0 0 0 0 0 0 0 0 0 0 0 0 0 0 0 0 392 393 393 392 392 393 392 392 394 393
0 0 0 0 0 0 393 392 394 394 394 394 394 393 394 1 3 3 1 3 1 1 2 2 2 1 1 2 1
0 0 0 0 0 0 0 0 0 0 0 0 0 0 0 0 0 0 0 0 0 0 0 0 0 0 0 0 394
0 0 0 0 0 0 0 0 0 394 394 392 392 393 394 2 1 3 3 1 2 2 1 1 1 2 2 3 2
0 0 0 0 0 0 0 0 0 0 0 0 0 0 0 0 0 0 0 0 0 393 394 394 393 392 392 394 393
0 0 0 0 0 0 0 0 0 0 0 0 0 0 0 0 0 0 0 0 0 0 0 0 392 394 392 394 394
0 0 0 0 0 0 0 0 0 0 0 392 392 394 393 2 1 3 2 2 2 1 3 1 2 2 2 1 2
0 0 0 0 0 0 0 394 392 394 392 392 394 392 394 3 3 1 2 3 2 2 2 1 3 2 2 1 3
0 0 0 0 0 0 0 0 0 0 0 0 0 0 0 0 394 393 393 394 394 394 392 392 392 392 393 392 394
0 0 0 0 0 0 0 0 0 0 0 0 0 0 0 0 0 0 0 0 0 0 393 394 394 392 394 393 394
0 0 0 393 394 392 394 393 393 393 392 392 392 393 394 3 2 3 2 1 1 3 1 2 3 3 3 3 3
0 0 0 0 0 0 0 0 0 0 0 0 0 0 0 0 0 0 0 0 0 0 0 393 394 393 392 392 393
0 0 0 0 0 0 0 0 0 0 0 0 0 0 0 0 0 0 0 0 0 0 0 0 0 0 392 392 393
0 0 0 0 0 0 0 0 0 0 0 0 392 394 393 3 1 1 2 2 3 1 1 2 2 2 2 1 3
0 0 0 0 0 393 394 392 392 394 392 392 392 394 394 2 1 3 3 1 2 2 1 3 2 2 1 3 1
0 0 0 0 0 0 0 0 0 0 0 0 0 0 0 0 0 392 393 394 392 394 393 392 392 393 394 394 392
0 0 0 0 392 393 392 394 393 392 394 394 394 394 393 1 1 2 3 2 2 1 3 3 1 1 2 2 1
0 0 0 0 0 0 0 0 0 0 0 0 0 0 0 0 0 0 0 0 394 392 394 393 394 393 393 392 394
0 394 392 394 392 393 392 393 394 392 393 393 393 394 394 2 3 1 1 3 1 1 2 3 2 3 2 2 2
0 0 0 0 0 0 0 0 0 0 0 0 0 0 0 0 0 0 0 0 0 0 0 0 0 393 393 392 392
0 0 0 0 0 0 0 0 0 0 392 394 394 392 394 3 3 2 2 3 2 3 2 1 2 2 1 2 3
0 0 0 0 0 0 0 0 0 0 0 0 0 0 0 0 0 0 0 0 0 0 0 0 0 0 0 0 0
