0 0 0 0 0 0 0 0 0 0 0 116 118 116 116 118
0 0 0 116 116 118 116 118 118 3 3 2 3 3 2 2
0 0 116 117 117 116 118 118 118 2 2 1 1 3 3 2
0 0 0 0 117 118 116 118 118 1 2 1 3 2 3 1
0 0 0 0 0 0 0 0 117 3 1 3 1 1 2 1
0 0 0 0 0 0 0 0 0 0 0 0 116 116 118 117
0 0 0 0 0 0 0 0 0 0 0 0 0 116 116 118
0 0 0 0 0 118 117 117 116 2 3 1 2 2 2 2
0 0 0 0 0 0 0 0 0 0 118 116 117 118 117 116
0 0 0 0 0 0 0 0 0 0 0 0 0 0 117 116
0 117 118 118 116 116 117 116 118 2 3 3 2 3 3 2
0 0 0 0 0 0 0 117 116 1 1 1 2 3 3 2
0 0 0 0 0 0 117 117 116 3 1 2 2 1 2 3
0 0 0 0 0 0 0 0 0 0 0 0 0 0 0 118
0 0 0 0 0 0 0 0 0 117 117 116 118 118 117 118
0 0 0 0 0 0 0 0 0 0 0 0 0 0 0 0
