0 0 0 0 0 0 0 0 0 0 0 0 0 0 0 0 0 624 624 2 3 2 1 3 1 3 2 3 3 3 1 1 2 2 3 1
0 0 0 0 0 0 0 0 0 0 0 0 0 0 0 0 0 0 0 0 0 0 0 0 0 0 0 0 0 624 624 624 622 622 622 624
0 0 0 0 0 0 622 623 624 624 624 624 624 622 623 623 623 624 622 2 3 3 3 2 3 2 1 3 2 1 2 1 2 3 1 2
0 0 0 0 0 0 0 0 0 0 0 0 0 0 0 0 0 0 0 0 0 0 0 0 0 0 0 623 624 624 622 624 622 623 623 623
0 0 0 0 0 0 0 0 0 0 0 0 0 0 0 0 0 0 0 0 0 0 0 0 0 0 0 0 0 0 624 622 623 623 624 623
0 0 0 0 0 0 0 623 624 622 623 624 624 624 624 622 624 622 623 2 3 3 2 1 2 2 1 1 1 2 1 3 1 2 3 3
0 624 623 624 624 624 624 623 623 622 624 623 622 624 624 623 622 622 623 3 3 3 3 2 2 3 1 1 1 2 3 2 1 2 1 3
0 0 0 0 0 0 0 0 0 0 0 624 623 624 623 624 623 623 622 3 3 2 3 1 1 3 2 3 3 2 3 1 1 1 1 2
0 0 0 0 0 0 0 0 0 0 0 0 0 0 0 0 0 0 0 0 0 0 0 0 0 622 624 624 624 622 624 624 623 623 624 622
0 0 0 0 0 0 0 0 0 0 0 0 0 0 0 0 0 0 0 0 0 623 624 622 624 623 623 622 622 622 624 624 624 622 622 623
0 0 0 0 0 0 0 0 0 0 623 623 622 623 622 623 623 623 622 3 2 1 1 1 1 2 2 3 3 3 2 2 1 2 2 3
0 0 0 0 0 0 0 0 0 0 0 0 0 0 0 0 0 0 0 0 0 0 0 0 0 0 0 0 622 622 622 622 622 624 623 624
0 0 0 624 622 622 623 622 623 623 624 624 622 623 624 624 622 624 623 3 3 2 3 1 1 3 2 2 1 3 2 3 3 2 3 2
0 0 0 0 0 0 0 0 0 0 0 0 624 623 622 623 622 624 624 1 3 1 2 1 2 2 2 3 1 1 2 3 3 2 2 1
0 0 0 0 0 0 0 0 0 0 0 0 0 0 0 624 622 623 623 2 1 3 3 3 1 2 3 3 2 1 3 2 1 1 1 3
0 0 0 0 0 0 0 0 0 0 0 0 0 0 0 0 0 0 0 0 0 0 0 0 0 0 0 0 0 0 0 624 624 624 623 623
0 0 0 0 0 0 0 0 0 0 0 0 0 0 0 0 0 0 0 0 0 0 622 623 622 624 624 622 624 624 623 624 623 623 624 624
0 0 0 0 0 0 0 0 0 0 0 0 0 0 0 0 0 0 0 0 0 0 0 0 0 0 0 0 0 0 0 0 624 624 623 623
0 0 0 0 0 0 0 0 0 0 0 0 0 0 0 0 623 623 624 3 1 1 3 1 2 1 2 3 2 3 3 1 3 2 1 2
0 0 0 0 0 0 0 0 0 0 0 0 0 0 0 0 0 0 0 0 622 624 623 622 624 622 624 624 622 623 622 624 623 623 623 622
0 0 0 0 0 0 0 0 0 0 0 0 0 0 0 0 0 0 0 0 0 0 0 622 623 622 624 622 623 622 623 622 624 624 623 623
0 0 0 0 0 623 624 622 624 622 624 622 624 623 624 623 623 623 622 2 3 3 1 1 1 3 1 1 3 1 2 2 3 2 1 2
0 0 0 0 622 622 623 623 623 623 622 622 624 622 623 624 622 624 623 1 3 2 2 1 3 3 3 2 3 3 3 1 2 1 2 1
0 0 0 0 0 0 0 0 0 0 0 0 0 0 0 0 0 0 0 0 0 0 0 0 0 0 0 0 0 0 0 0 0 0 0 622
0 0 0 0 0 0 0 0 0 0 0 0 0 0 0 0 0 0 0 0 0 0 0 0 0 0 623 624 622 623 623 624 623 623 624 622
0 0 0 0 0 0 0 0 0 0 0 0 0 0 0 0 0 0 0 0 0 0 0 0 0 0 0 0 0 0 0 0 0 0 624 624
0 0 0 0 0 0 0 0 624 622 623 624 624 622 622 623 624 623 624 3 1 3 1 1 3 2 3 1 2 3 3 3 1 1 2 3
0 0 624 622 623 622 622 624 623 622 623 622 623 622 622 624 623 622 624 2 2 3 3 2 3 1 1 1 2 1 1 3 3 2 1 2
0 0 0 0 0 0 0 0 0 0 0 0 0 0 0 0 0 0 0 624 623 623 623 624 623 622 622 622 624 623 623 622 624 623 622 623
0 0 0 0 0 0 0 0 0 0 0 0 0 623 624 623 622 623 623 3 3 1 2 2 2 2 3 1 1 1 2 2 3 3 1 3
0 0 0 0 0 0 0 0 0 623 624 623 624 623 623 622 623 623 622 1 2 1 1 2 1 1 3 1 3 3 1 1 2 2 3 2
0 0 0 0 0 0 0 0 0 0 0 0 0 0 622 623 624 623 622 3 2 1 1 2 1 1 1 2 3 2 3 1 1 3 1 1
0 0 0 0 0 0 0 0 0 0 0 0 0 0 0 0 0 0 622 2 3 1 1 1 2 3 2 3 3 3 3 2 3 3 3 3
0 0 0 0 0 0 0 0 0 0 0 0 0 0 0 0 0 0 0 0 0 0 0 0 0 0 0 0 0 0 0 0 0 624 622 624
0 0 0 0 0 0 0 0 0 0 0 0 0 0 0 0 0 0 0 0 0 0 0 0 622 622 623 624 623 622 622 622 622 623 624 623
0 0 0 0 0 0 0 0 0 0 0 0 0 0 0 0 0 0 0 0 0 0 0 0 0 0 0 0 0 0 0 0 0 0 0 0
