0 0 0 0 0 0 0 0 0 0 0 0 0 0 0 0 0 0 0 0 0 0 0 0 0 0 0 0 0 0 0 0 1048 1050 1048 1049 1048 1050 1048 1050 1050 1049 1048 1048 1049 1048 1050
0 0 0 0 0 0 0 0 0 0 0 0 0 0 0 0 0 0 0 0 0 0 0 0 0 0 0 0 0 0 0 0 0 0 0 0 0 0 0 0 0 0 0 0 0 1049 1048
0 0 0 0 1050 1049 1049 1050 1049 1048 1050 1050 1050 1049 1048 1048 1048 1048 1049 1048 1049 1049 1049 1048 2 1 3 2 2 2 1 2 2 3 3 1 3 3 2 3 2 2 3 1 3 2 2
0 0 0 0 0 0 0 0 1050 1050 1048 1048 1049 1049 1048 1050 1050 1050 1048 1050 1049 1050 1050 1049 2 2 3 3 2 1 1 2 3 2 1 2 3 3 2 3 3 1 2 1 2 1 2
0 0 0 0 0 0 0 0 0 0 0 0 0 0 0 0 0 0 0 0 0 0 0 0 0 0 0 0 0 0 0 0 0 0 0 0 0 0 0 0 0 0 0 0 0 0 1049
0 0 0 0 0 0 0 0 0 0 0 0 0 0 0 0 0 0 0 0 0 0 0 0 0 0 0 0 0 0 0 0 0 0 0 1050 1050 1049 1049 1050 1048 1049 1050 1049 1048 1049 1049
0 0 0 0 0 0 0 0 0 0 0 0 0 0 1050 1049 1050 1049 1049 1048 1050 1050 1050 1049 2 1 2 1 3 1 2 2 1 1 3 2 3 2 2 3 2 2 1 1 1 1 1
0 0 0 0 0 0 0 0 0 0 0 0 0 0 0 0 0 0 0 0 0 0 0 0 0 1048 1050 1049 1050 1050 1050 1050 1050 1049 1049 1048 1048 1050 1050 1050 1048 1050 1049 1048 1050 1050 1050
0 0 0 0 0 0 0 0 0 0 0 0 0 0 0 0 0 0 0 0 0 0 0 0 0 0 0 0 0 0 0 0 0 1049 1048 1050 1049 1049 1048 1049 1048 1048 1049 1049 1050 1048 1049
0 0 0 1049 1048 1048 1048 1050 1050 1048 1048 1048 1048 1048 1049 1050 1048 1048 1050 1048 1050 1050 1049 1049 1 1 3 2 3 2 3 3 2 1 3 1 3 1 1 2 3 2 2 3 1 1 2
0 0 0 0 0 0 0 0 0 0 0 0 0 0 0 0 0 0 1049 1049 1048 1049 1049 1048 1 3 2 2 1 1 2 1 1 2 2 3 2 3 2 3 1 2 2 1 2 3 2
0 0 0 0 0 0 0 0 0 0 0 0 0 0 0 0 0 0 0 0 0 0 0 0 0 0 0 0 0 0 0 0 0 0 0 0 0 0 1048 1050 1049 1049 1048 1050 1050 1050 1049
0 0 0 0 0 0 0 0 0 0 0 0 0 0 0 0 0 1048 1050 1050 1049 1050 1050 1048 3 1 1 3 2 1 2 3 3 2 2 2 2 2 1 3 3 2 2 1 1 2 2
0 0 0 0 0 0 0 0 0 0 0 0 0 0 0 0 0 0 0 0 0 0 0 0 0 0 0 0 0 0 0 0 0 0 1048 1048 1050 1049 1049 1050 1048 1049 1049 1049 1049 1048 1050
0 0 0 0 0 0 0 0 0 0 0 0 0 0 0 0 0 0 0 0 0 0 0 0 0 0 0 1048 1049 1049 1048 1049 1050 1048 1050 1049 1048 1050 1049 1049 1050 1050 1049 1049 1048 1050 1049
0 0 0 0 0 0 0 0 0 0 0 0 0 0 0 0 0 0 0 0 0 0 0 0 0 0 0 0 0 0 0 0 0 0 0 0 0 0 0 0 0 0 0 0 1050 1049 1050
0 0 0 0 0 0 0 0 0 0 0 0 0 0 0 0 0 0 0 0 0 0 0 0 0 0 0 0 0 0 0 0 0 0 0 0 0 0 0 0 0 0 1049 1050 1049 1048 1050
0 0 0 0 0 0 0 0 0 0 0 0 0 0 0 0 0 0 0 0 0 0 0 1050 2 1 2 2 1 2 3 2 3 1 3 3 1 3 2 3 1 3 2 3 1 3 2
0 0 1049 1050 1050 1049 1050 1048 1048 1049 1049 1050 1050 1048 1050 1049 1050 1050 1048 1050 1048 1049 1050 1048 3 1 2 3 2 1 2 3 1 2 2 3 2 2 2 2 2 3 3 3 1 3 2
0 0 0 0 0 0 0 0 0 0 0 0 0 0 0 0 0 0 0 0 0 1048 1050 1050 2 3 2 1 3 3 3 2 1 3 1 2 1 2 3 2 3 1 1 2 3 2 1
0 0 0 0 0 0 0 0 0 0 0 0 0 0 0 0 0 0 0 0 0 0 0 0 0 0 0 0 0 0 0 0 0 0 0 0 0 1049 1050 1048 1049 1050 1048 1050 1049 1050 1048
0 0 0 0 0 0 0 0 0 0 0 0 0 0 0 0 0 0 0 0 0 0 0 0 0 0 0 0 0 1048 1048 1050 1049 1048 1049 1050 1049 1048 1048 1050 1048 1048 1048 1050 1049 1050 1050
0 0 0 0 0 0 1050 1049 1049 1048 1049 1050 1048 1049 1050 1049 1049 1049 1048 1049 1048 1048 1048 1050 2 2 1 3 1 2 2 1 2 3 2 1 3 3 1 1 1 1 1 2 1 3 2
0 0 0 0 0 0 0 0 0 0 0 0 0 0 0 0 0 0 0 0 0 0 0 0 0 0 0 0 0 0 0 0 0 0 0 0 0 0 0 1049 1050 1048 1050 1048 1048 1049 1048
0 0 0 0 0 0 0 0 0 0 0 0 0 1049 1048 1049 1049 1050 1050 1050 1050 1048 1049 1048 2 1 3 3 1 2 2 1 2 1 2 2 1 2 3 3 1 3 3 3 2 2 1
0 0 0 0 0 0 0 0 0 0 0 0 0 0 0 0 0 0 0 0 0 0 0 0 0 0 0 0 0 0 0 1049 1048 1050 1049 1049 1049 1050 1049 1048 1049 1049 1049 1050 1050 1050 1048
0 0 0 0 0 0 0 0 0 0 0 0 0 0 0 0 0 0 0 0 0 0 0 0 0 0 0 0 0 0 0 0 0 0 0 0 1048 1050 1049 1048 1050 1049 1048 1050 1048 1050 1049
0 0 0 0 0 0 0 0 0 0 0 0 0 0 0 0 0 0 0 0 0 0 0 0 0 0 0 0 0 0 1050 1050 1049 1048 1048 1050 1050 1049 1050 1049 1048 1049 1050 1050 1050 1048 1049
0 0 0 0 0 0 0 0 0 0 0 0 0 0 0 0 0 0 0 1048 1048 1050 1050 1049 3 3 1 1 3 3 1 2 3 2 2 1 3 3 3 1 3 1 2 2 1 3 3
0 0 0 0 0 0 0 0 0 0 0 0 0 0 0 0 0 0 0 0 0 0 0 0 0 0 0 0 0 0 0 0 0 0 0 0 0 0 0 0 0 1050 1049 1050 1050 1049 1050
0 0 0 0 0 0 0 0 0 0 0 0 0 0 0 0 0 0 0 0 0 0 0 0 0 0 0 0 0 0 0 0 0 0 0 0 0 0 0 0 0 0 0 1050 1048 1049 1050
0 0 0 0 0 0 0 0 0 0 0 0 0 0 0 0 0 0 0 0 1050 1049 1048 1049 2 1 2 3 2 3 2 1 1 1 2 3 2 1 3 3 1 1 3 3 1 1 2
0 0 0 0 0 0 0 0 0 0 1048 1050 1049 1049 1048 1050 1049 1050 1050 1049 1049 1048 1048 1050 3 2 1 3 1 1 1 2 1 1 3 2 1 3 3 2 3 3 3 2 1 2 1
0 0 0 0 0 0 0 1048 1048 1050 1049 1048 1048 1048 1049 1049 1048 1049 1049 1050 1050 1048 1049 1050 3 3 1 1 2 1 1 1 2 3 3 1 3 3 2 2 2 3 1 1 2 3 2
0 0 0 0 0 0 0 0 0 0 0 0 0 0 0 0 0 0 0 0 0 0 0 0 0 0 1048 1049 1048 1048 1049 1048 1049 1049 1048 1049 1049 1048 1050 1050 1050 1049 1050 1048 1050 1048 1049
0 0 0 0 0 0 0 0 0 0 0 0 1048 1048 1049 1048 1050 1048 1048 1048 1048 1050 1049 1049 1 1 1 3 2 1 1 1 1 2 2 2 2 2 3 2 3 3 1 1 3 1 1
0 0 0 0 0 0 0 0 0 1050 1048 1048 1049 1048 1048 1048 1048 1048 1048 1048 1048 1048 1050 1050 2 2 2 2 2 3 1 3 3 1 2 3 2 2 2 3 3 2 1 3 3 2 2
0 0 0 0 0 0 0 0 0 0 0 0 0 0 0 0 0 0 0 0 0 0 0 0 0 0 0 0 1050 1049 1050 1050 1049 1048 1050 1048 1048 1050 1050 1048 1050 1049 1048 1048 1049 1050 1048
0 0 0 0 0 0 0 0 0 0 0 0 0 0 0 0 0 0 0 0 0 0 1049 1048 2 1 3 2 1 1 1 1 2 2 2 3 3 1 2 2 1 1 3 1 3 1 2
0 0 0 0 0 0 0 0 0 0 0 0 0 0 0 0 1049 1048 1050 1048 1050 1050 1048 1050 1 2 2 3 1 1 1 2 3 2 1 3 1 3 1 2 2 1 3 1 2 3 3
0 0 0 0 0 0 0 0 0 0 0 1049 1048 1048 1049 1048 1048 1049 1048 1048 1049 1050 1049 1048 3 2 2 1 2 3 1 1 3 3 1 3 1 2 3 3 2 3 2 1 2 2 3
0 1048 1049 1049 1050 1048 1048 1050 1048 1048 1048 1050 1049 1048 1050 1050 1048 1050 1049 1050 1050 1049 1050 1048 2 2 3 1 2 3 3 3 1 2 1 2 3 1 3 3 2 1 1 2 1 2 2
0 0 0 0 0 1048 1049 1050 1048 1049 1050 1050 1049 1049 1050 1048 1050 1048 1050 1049 1050 1049 1049 1048 3 2 2 2 1 2 2 3 1 1 3 1 2 3 1 2 1 1 2 2 1 1 3
0 0 0 0 0 0 0 0 0 0 0 0 0 0 0 0 0 0 0 0 0 0 0 0 0 0 0 0 0 0 0 0 0 0 0 0 0 0 0 0 1049 1050 1048 1049 1049 1050 1049
0 0 0 0 0 0 0 0 0 0 0 0 0 0 0 0 0 0 0 0 0 0 0 0 1048 1049 1048 1050 1049 1048 1050 1048 1050 1050 1050 1049 1050 1050 1048 1049 1049 1049 1050 1048 1048 1050 1048
0 0 0 0 0 0 0 0 0 0 0 0 0 0 0 1050 1049 1050 1049 1049 1049 1048 1048 1050 3 1 3 3 1 1 1 1 3 1 1 2 2 2 1 3 3 3 2 1 2 1 3
0 0 0 0 0 0 0 0 0 0 0 0 0 0 0 0 0 0 0 0 0 0 0 0 0 0 0 0 0 0 0 0 0 0 0 0 0 0 0 0 0 0 0 0 0 0 0
