0 0 0 0 0 0 0 0 0 0 0 0 0 0 0 0 0 0 0 0 0 0 0 0 0 0 0 0 0 0 0 0 0 0 0 0 0 0 800 799 798
0 0 0 0 0 0 0 0 0 0 0 0 0 0 0 0 0 0 0 0 0 800 798 798 799 798 799 799 799 800 800 800 798 798 800 799 800 800 798 799 800
0 0 0 0 0 0 0 0 0 0 0 0 0 0 0 0 0 0 0 0 0 0 0 0 0 0 0 0 0 0 0 0 0 0 800 800 798 799 798 799 799
0 0 0 0 0 0 0 798 798 800 799 798 800 800 799 800 799 799 798 798 800 1 3 2 1 1 2 1 1 1 2 3 2 3 3 3 3 1 1 2 2
0 0 0 0 0 0 0 0 0 0 0 0 0 0 0 0 0 0 0 0 0 0 0 0 0 0 0 800 800 798 798 798 799 799 799 800 799 798 800 798 798
0 0 0 0 0 0 0 0 0 0 800 799 800 799 799 799 798 799 800 799 800 3 3 3 2 1 1 2 3 2 2 1 2 2 2 1 3 1 3 3 2
0 0 0 0 0 0 0 0 0 0 0 0 0 0 0 0 0 0 0 0 0 0 0 0 0 0 0 0 0 0 0 800 800 800 798 799 800 800 799 800 800
0 0 0 0 0 0 0 0 0 0 0 0 0 0 0 0 0 0 0 0 0 0 0 0 0 799 799 798 798 800 799 798 798 800 800 800 800 798 799 799 799
0 0 0 0 0 0 0 0 0 0 0 0 0 0 0 0 0 0 0 0 0 0 0 0 0 0 0 0 0 0 0 0 0 0 0 0 0 798 800 799 799
0 0 0 0 0 0 0 0 0 0 0 0 0 0 0 798 798 800 798 799 799 1 3 2 2 3 3 2 2 3 2 2 1 3 2 3 3 3 1 3 1
0 0 0 0 0 0 0 0 0 0 0 0 0 0 0 0 0 0 0 0 0 0 0 0 0 0 0 0 0 0 0 0 0 0 0 0 799 798 800 799 800
0 0 0 0 0 0 0 0 0 0 0 0 0 0 0 0 0 0 0 0 0 0 0 0 798 799 799 798 799 798 800 798 800 798 798 799 800 798 798 800 799
0 0 0 0 0 0 0 0 0 0 0 0 0 0 0 0 0 0 0 0 0 0 0 0 0 0 0 0 0 0 0 0 0 0 0 0 0 0 0 798 800
0 0 0 0 0 0 0 0 0 0 0 0 0 0 0 0 0 0 0 0 0 0 0 0 0 0 798 799 798 800 800 798 798 800 799 799 799 799 800 799 798
0 0 0 0 0 0 0 0 0 0 0 0 0 0 0 0 0 0 0 0 0 0 800 800 800 800 798 800 799 798 799 798 799 798 798 798 798 800 800 799 798
0 0 0 0 0 0 0 0 0 0 0 0 0 0 0 0 798 799 799 799 800 1 3 3 2 1 1 1 2 3 2 2 3 2 2 3 2 1 3 2 1
0 0 0 0 0 0 0 0 0 0 0 0 0 798 799 799 798 800 798 800 800 2 2 2 3 3 1 3 2 1 3 1 2 1 2 3 3 3 1 3 3
0 0 0 0 799 799 800 799 799 800 800 800 799 799 798 798 800 800 798 799 798 1 1 1 3 1 3 3 2 1 3 3 3 1 3 1 3 2 1 1 3
0 0 0 0 0 0 798 799 799 798 800 799 799 799 799 799 800 800 799 798 799 1 1 1 3 2 1 3 2 1 1 1 2 3 2 2 3 1 3 1 1
0 0 0 0 0 0 0 0 0 0 0 0 0 0 0 0 0 0 0 0 0 0 0 0 0 0 0 0 0 0 0 0 800 800 798 800 798 800 800 800 798
0 0 0 0 0 0 0 0 0 798 799 800 800 799 798 799 800 800 798 800 800 1 2 1 3 1 2 2 1 3 3 2 3 1 3 3 3 1 2 1 3
0 0 0 0 0 0 0 0 0 0 0 0 0 0 0 0 0 0 799 798 800 2 3 2 1 3 3 2 2 2 1 3 3 3 2 1 2 3 2 1 2
0 0 0 0 0 0 0 0 0 0 0 0 800 799 800 798 800 800 798 799 800 3 3 3 1 2 1 1 3 2 1 2 2 3 2 1 2 2 2 2 1
0 800 799 798 798 799 800 799 798 798 800 800 798 798 799 798 800 798 799 799 800 1 1 1 3 1 3 1 2 2 3 2 1 1 3 1 3 3 2 1 1
0 0 0 0 0 0 0 0 0 0 0 0 0 0 0 0 0 0 0 0 799 1 3 1 2 1 2 2 2 1 2 2 1 1 1 1 1 3 3 1 2
0 0 0 0 0 0 0 0 0 0 0 0 0 0 0 0 0 0 0 0 0 0 0 0 0 0 0 0 0 0 0 0 0 0 0 798 799 799 798 798 800
0 0 0 0 0 0 0 0 0 0 0 0 0 0 0 0 0 0 0 0 0 0 0 800 799 798 799 799 798 799 800 799 798 799 798 800 800 799 800 800 799
0 0 0 0 0 0 0 0 800 799 798 798 799 799 799 799 799 799 799 800 798 1 2 2 3 1 1 2 1 1 3 2 3 3 1 1 1 2 3 3 1
0 0 800 798 800 800 800 799 799 798 798 798 798 798 799 800 799 799 800 800 800 2 2 2 2 2 2 2 3 2 3 3 3 2 3 3 2 1 1 2 2
0 0 0 0 0 0 0 0 0 0 0 0 0 0 800 798 798 799 798 799 800 2 3 2 1 1 2 1 3 2 3 3 1 1 2 3 1 1 3 2 2
0 0 0 0 0 0 0 0 0 0 0 0 0 0 0 0 0 0 0 0 0 0 0 0 0 0 0 0 0 0 0 0 0 0 0 0 0 0 0 0 798
0 0 0 0 0 0 0 0 0 0 0 0 0 0 0 0 0 0 0 0 0 0 0 0 0 0 0 0 0 0 0 0 0 798 799 798 799 799 799 800 800
0 0 0 0 0 0 0 0 0 0 0 0 0 0 0 0 0 0 0 0 0 0 0 0 0 0 0 0 0 0 800 800 798 799 799 800 798 800 799 798 800
0 0 0 0 0 800 799 800 800 800 799 799 798 798 800 798 800 798 798 798 800 3 1 1 1 2 1 3 3 3 1 3 1 3 3 2 2 3 1 1 2
0 0 0 798 800 799 799 798 800 798 798 799 800 799 798 799 798 799 800 800 799 3 3 3 1 1 3 2 1 3 1 1 3 1 2 3 3 3 3 1 2
0 0 0 0 0 0 0 0 0 0 0 799 799 800 800 800 799 799 799 798 799 2 2 2 2 1 3 2 1 2 2 3 3 2 3 1 1 2 2 3 1
0 0 0 0 0 0 0 0 0 0 0 0 0 0 0 0 0 0 0 0 0 0 0 0 0 0 0 0 0 800 798 798 799 798 798 799 800 798 800 799 798
0 0 0 0 0 0 0 0 0 0 0 0 0 0 0 0 0 0 0 0 0 0 0 0 0 0 0 0 798 799 799 799 798 799 800 798 798 800 799 799 799
0 0 0 0 0 0 0 0 0 0 0 0 0 0 0 0 0 0 0 798 799 3 2 3 3 1 1 3 1 1 2 3 3 2 2 2 1 3 3 2 2
0 0 0 0 0 0 0 0 0 0 0 0 0 0 0 0 0 800 800 799 800 1 2 1 1 1 3 1 3 2 3 2 1 1 2 1 2 3 1 2 3
0 0 0 0 0 0 0 0 0 0 0 0 0 0 0 0 0 0 0 0 0 0 0 0 0 0 0 0 0 0 0 0 0 0 0 0 0 0 0 0 0
