0 0 0 316 315 315 315 315 316 315 316 316 316 316 1 1 2 3 2 1 3 3 3 2 2 1
0 0 0 0 0 0 0 0 0 0 0 0 315 314 2 2 2 1 3 1 2 3 2 2 1 3
0 0 0 0 0 0 0 0 314 315 315 314 315 314 3 2 1 3 1 1 1 3 1 3 2 1
0 0 0 0 0 0 0 0 0 0 0 0 0 0 0 0 316 315 316 314 314 314 315 314 315 315
0 0 0 0 0 0 0 0 0 0 315 316 315 316 2 2 2 2 1 1 2 2 1 2 2 2
0 0 0 0 0 0 0 314 315 316 315 314 315 314 2 3 3 3 1 1 2 2 1 3 2 2
0 0 0 0 0 0 0 0 0 0 0 0 0 0 0 0 0 0 0 0 0 0 0 0 0 315
0 0 0 0 0 0 0 0 0 0 0 0 0 0 0 0 0 0 0 314 316 316 314 316 315 316
0 0 0 0 0 0 0 0 0 0 0 0 0 0 0 0 0 316 315 315 314 316 316 316 316 314
0 0 0 0 0 0 0 0 0 0 0 0 0 314 3 2 3 3 1 3 1 2 1 1 2 2
0 0 0 0 0 0 0 0 0 0 0 0 0 0 0 0 0 0 0 0 0 0 314 316 314 314
0 0 315 316 316 316 315 314 316 315 316 315 315 314 2 1 1 2 2 3 3 3 2 1 3 3
0 0 0 0 316 315 316 314 314 314 314 315 315 315 2 3 2 3 1 3 1 2 2 2 3 2
0 0 0 0 0 0 0 0 0 0 0 0 0 0 0 0 0 0 0 0 0 314 316 316 316 314
0 0 0 0 0 0 0 0 0 0 0 0 0 0 0 0 0 0 0 0 0 0 0 315 314 314
0 0 0 0 0 0 0 0 0 0 0 314 314 314 1 2 2 1 3 1 2 3 2 2 3 1
0 0 0 0 0 0 0 0 0 0 0 0 0 0 0 0 0 0 0 0 316 316 316 315 315 316
0 0 0 0 0 0 316 315 314 315 315 316 315 315 2 3 3 1 3 2 2 3 2 1 1 3
0 0 0 0 0 314 316 316 314 315 316 314 316 314 2 3 2 2 2 1 1 2 3 2 3 2
0 0 0 0 0 0 0 0 0 0 0 0 0 0 0 0 0 0 0 0 0 0 0 0 315 316
0 0 0 0 0 0 0 0 0 0 0 0 0 0 0 316 316 314 314 314 315 316 314 315 314 314
0 315 316 315 316 314 315 314 314 316 314 314 315 316 2 2 2 1 3 1 3 1 1 3 1 2
0 0 0 0 0 0 0 0 0 0 0 0 0 0 315 316 315 314 316 315 316 314 316 314 314 314
0 0 0 0 0 0 0 0 0 0 0 0 0 0 0 0 0 0 314 315 314 314 316 315 316 314
0 0 0 0 0 0 0 0 0 316 314 316 315 315 3 3 2 3 1 1 1 2 3 3 1 3
0 0 0 0 0 0 0 0 0 0 0 0 0 0 0 0 0 0 0 0 0 0 0 0 0 0
