0 0 0 0 0 0 0 0 0 0 0 0 0 0 339 341 339 341 339 341 340 340 341 341 341 340 341
0 0 340 341 341 339 339 339 339 341 340 340 339 341 1 2 3 1 1 1 1 1 1 3 1 3 3
0 0 0 0 0 0 0 0 0 0 0 0 0 0 0 0 0 339 341 341 339 340 341 341 341 341 339
0 0 0 0 0 0 0 0 0 0 0 0 340 341 1 3 2 3 3 3 3 3 3 2 2 3 1
0 0 0 0 0 0 0 0 0 0 0 0 0 0 0 0 0 0 0 0 0 0 341 339 340 339 341
0 0 0 0 0 0 0 0 0 0 0 0 0 0 0 339 340 339 340 340 340 340 339 340 339 339 339
0 0 0 0 0 0 0 0 0 0 0 0 0 0 0 0 0 0 0 0 0 0 0 0 0 0 341
0 0 0 0 0 0 0 0 0 0 0 0 0 0 0 0 0 0 0 340 341 341 340 340 341 340 339
0 0 0 0 0 0 0 0 0 0 0 0 0 0 0 0 0 0 341 339 340 340 341 341 339 340 341
0 0 0 341 340 340 340 341 339 339 340 339 339 341 3 1 3 3 1 2 2 2 1 1 2 2 1
0 0 0 0 340 341 341 341 339 341 340 339 340 339 3 2 2 3 1 2 1 2 1 3 1 1 2
0 0 0 0 0 0 0 0 0 0 341 340 340 339 3 3 2 2 2 3 3 1 2 2 2 2 3
0 0 0 0 0 0 0 0 0 0 0 0 0 0 0 0 0 0 0 0 0 341 341 341 339 339 340
0 0 0 0 0 0 340 340 339 341 341 339 339 341 1 2 1 1 1 2 3 3 2 3 3 2 2
0 0 0 0 0 0 0 0 340 340 340 340 341 339 3 1 2 3 1 3 2 1 1 2 2 1 2
0 341 339 340 341 341 341 340 339 341 341 341 341 341 1 3 3 1 2 3 2 2 2 1 3 3 3
0 0 0 0 0 0 0 0 0 0 0 0 0 339 2 1 2 1 1 1 2 3 1 3 1 1 2
0 0 0 0 0 0 0 0 0 0 0 0 0 0 0 0 0 0 0 0 0 0 0 0 339 341 341
0 0 0 0 0 0 0 0 0 0 0 0 0 0 0 0 0 0 0 0 341 341 341 340 339 341 341
0 0 0 0 0 0 0 0 0 0 0 0 0 0 0 0 0 0 0 0 0 0 0 341 339 341 339
0 0 0 0 0 0 0 341 341 340 340 340 339 339 3 2 1 3 1 3 2 2 3 3 2 1 1
0 0 0 0 0 0 0 0 0 0 0 0 0 0 0 0 340 339 341 339 339 339 339 339 341 340 340
0 0 0 0 0 340 341 341 341 341 340 341 339 340 2 2 1 3 1 3 1 3 3 2 3 2 1
0 0 0 0 0 0 0 0 0 0 0 0 0 0 0 0 0 0 0 0 0 0 0 0 0 341 341
0 0 0 0 0 0 0 0 0 341 339 341 341 340 3 2 2 1 2 1 2 2 3 2 2 3 1
0 0 0 0 0 0 0 0 0 0 0 340 340 339 1 3 2 3 1 3 3 2 1 1 3 3 1
0 0 0 0 0 0 0 0 0 0 0 0 0 0 0 0 0 0 0 0 0 0 0 0 0 0 0
