0 0 0 0 0 0 129 129 129 3 2 2 1 2 3 2 1
0 0 0 0 0 0 0 0 0 0 130 131 130 131 131 130 129
0 0 0 0 0 0 0 0 0 0 0 0 0 129 131 131 131
0 0 0 0 0 0 0 0 0 0 0 129 131 131 131 131 131
0 0 0 0 0 0 0 0 0 0 0 0 0 0 0 0 130
0 0 0 0 131 130 130 131 130 3 3 2 2 3 2 3 3
0 0 130 131 131 131 129 130 130 2 1 1 2 1 1 3 3
0 0 0 0 0 0 0 0 0 0 0 0 0 0 131 130 131
0 0 0 0 0 0 0 0 129 2 1 2 2 1 2 2 3
0 130 130 130 130 129 131 129 130 1 3 1 2 1 2 1 2
0 0 0 0 0 0 0 0 0 129 131 131 129 131 129 131 130
0 0 0 0 0 131 130 130 130 3 2 3 1 3 3 3 1
0 0 0 0 0 0 0 130 130 3 1 3 1 1 2 3 2
0 0 0 129 130 129 131 131 131 2 1 1 3 1 2 2 3
0 0 0 0 0 0 0 0 0 0 0 0 129 130 131 131 131
0 0 0 0 0 0 0 0 0 0 0 0 0 0 0 130 131
0 0 0 0 0 0 0 0 0 0 0 0 0 0 0 0 0
