0 0 0 0 0 0 0 244 245 246 246 245 1 2 3 3 3 2 3 2 1 2 2
0 0 244 246 244 246 245 246 244 244 246 245 3 2 1 3 3 3 3 2 1 1 3
0 0 0 0 0 0 0 0 0 0 244 244 2 2 2 1 3 2 3 3 1 1 3
0 0 0 0 0 0 0 0 0 0 0 0 0 0 0 0 0 0 0 0 0 246 244
0 0 0 0 0 0 0 0 0 0 0 244 2 3 2 3 1 2 3 1 3 2 1
0 0 0 0 0 0 0 0 0 0 0 0 0 0 0 0 0 246 246 245 245 246 245
0 0 0 0 0 0 0 0 0 0 0 0 0 246 244 246 244 244 245 246 244 246 244
0 0 0 244 246 246 246 246 246 246 246 244 2 2 1 1 2 1 1 2 3 1 3
0 246 245 245 244 245 245 246 244 244 246 246 3 3 1 3 2 2 2 3 2 1 3
0 0 0 0 0 0 0 0 0 0 0 0 245 246 245 246 246 244 246 246 246 245 244
0 0 0 0 0 0 0 0 0 0 0 0 0 0 0 0 244 246 244 245 244 244 244
0 0 0 0 0 0 246 245 245 244 244 246 3 1 3 3 1 3 1 2 3 1 3
0 0 0 0 246 246 246 244 246 246 245 245 1 2 1 1 2 1 1 1 2 2 1
0 0 0 0 0 0 0 0 0 0 0 0 0 0 0 0 0 0 246 246 244 246 245
0 0 0 0 0 0 0 0 246 246 244 246 1 1 3 1 2 2 2 1 2 2 2
0 0 0 0 0 0 0 0 0 0 0 0 0 0 0 0 0 0 0 245 245 246 244
0 0 0 0 0 0 0 0 0 0 0 0 0 0 0 0 0 0 0 0 246 246 245
0 0 0 0 0 0 0 0 0 0 0 0 0 0 0 0 0 0 0 0 0 0 244
0 0 0 0 0 0 0 0 0 0 0 0 0 0 246 244 244 244 246 244 244 245 246
0 0 0 0 0 0 0 0 0 246 244 245 3 2 3 1 3 3 1 3 3 2 1
0 0 0 0 0 0 0 0 0 0 0 0 0 0 0 245 246 244 246 245 246 244 245
0 0 0 0 0 244 244 246 246 246 244 246 1 2 3 3 3 2 1 2 2 1 2
0 0 0 0 0 0 0 0 0 0 0 0 0 0 0 0 0 0 0 0 0 0 0
