0 0 0 0 0 0 0 0 0 0 0 0 0 0 0 1189 1187 1187 1189 1188 1187 1187 1187 1189 1187 1 3 3 2 2 3 1 1 3 3 2 1 1 1 3 1 3 3 2 2 3 2 1 1
0 0 0 0 0 0 0 0 0 0 0 0 0 0 0 0 0 0 1187 1188 1187 1189 1189 1188 1189 1 3 2 1 3 2 2 3 1 1 1 2 3 2 3 1 1 3 1 2 3 2 3 2
0 0 0 0 0 0 0 1189 1188 1187 1189 1189 1188 1188 1188 1188 1188 1188 1189 1189 1188 1189 1189 1188 1189 2 1 2 3 2 3 3 2 3 3 2 1 2 1 2 2 3 3 2 1 3 3 2 1
0 0 0 0 0 0 0 0 0 0 0 0 0 0 0 0 0 0 0 0 0 0 0 0 0 0 0 0 0 0 1187 1189 1189 1189 1187 1189 1187 1188 1189 1189 1188 1187 1187 1188 1188 1187 1189 1189 1188
0 0 0 0 0 0 0 0 0 0 0 0 0 0 0 0 1189 1189 1188 1187 1188 1188 1189 1187 1189 3 1 1 3 1 1 2 1 2 3 1 3 1 2 2 2 1 3 3 2 3 3 1 1
0 0 0 0 0 0 0 0 0 0 0 0 0 0 0 0 0 0 0 0 0 0 0 0 0 0 0 0 0 0 0 0 0 0 0 1188 1187 1189 1189 1187 1188 1188 1188 1189 1188 1189 1188 1189 1188
0 0 0 0 0 1188 1187 1187 1187 1187 1189 1187 1187 1189 1189 1189 1188 1188 1187 1188 1189 1188 1188 1189 1188 1 3 3 2 1 3 2 3 2 3 3 2 3 3 2 3 1 3 3 2 3 2 1 1
0 0 0 0 0 0 0 0 0 0 0 0 0 0 0 0 0 0 0 0 0 0 0 0 0 0 0 0 0 0 0 0 0 1187 1189 1187 1189 1187 1187 1188 1188 1187 1187 1189 1189 1189 1187 1188 1189
0 0 0 0 0 0 0 0 0 0 0 0 0 0 0 0 0 0 0 0 0 0 0 0 0 0 0 0 1189 1187 1188 1189 1188 1189 1188 1189 1189 1187 1188 1187 1187 1187 1187 1189 1187 1189 1188 1189 1187
0 0 0 0 0 0 0 0 0 0 0 0 0 0 0 0 0 0 0 0 0 0 0 0 0 0 0 0 0 0 0 0 0 0 0 0 0 0 0 0 0 0 0 1187 1188 1188 1187 1187 1188
0 0 0 0 0 0 0 0 0 0 0 0 0 0 0 0 0 0 0 0 0 0 0 0 0 0 0 0 0 0 0 0 0 0 0 0 0 0 0 0 0 0 0 0 0 0 1189 1189 1187
0 0 0 0 0 0 1188 1189 1188 1189 1187 1189 1189 1188 1189 1188 1188 1188 1188 1187 1188 1189 1187 1188 1187 3 1 1 1 1 1 3 3 1 2 1 3 1 1 1 1 1 1 3 2 1 2 3 1
0 0 0 0 0 0 0 0 1188 1189 1188 1187 1188 1188 1187 1188 1188 1187 1187 1188 1189 1189 1189 1188 1187 2 2 1 3 3 2 3 2 1 3 3 3 3 3 1 1 2 2 1 2 3 1 2 1
0 0 0 0 0 0 0 0 0 1189 1187 1187 1188 1188 1188 1187 1187 1187 1187 1189 1189 1189 1188 1187 1189 2 2 3 1 3 2 2 3 3 2 2 3 3 1 3 1 3 3 1 2 2 3 2 3
0 0 0 0 0 0 0 0 0 0 0 0 0 0 0 0 0 0 0 0 0 0 0 0 0 0 0 0 0 0 0 0 0 0 0 0 0 0 0 0 0 0 0 0 1189 1188 1187 1188 1188
0 0 0 0 0 0 0 0 0 0 0 1187 1187 1188 1189 1188 1188 1187 1189 1188 1188 1189 1188 1188 1188 3 1 3 3 1 1 2 3 3 3 3 2 3 2 2 1 1 1 1 3 3 1 1 1
0 0 0 0 1189 1189 1187 1189 1188 1189 1188 1188 1188 1189 1187 1187 1189 1188 1189 1188 1187 1188 1188 1187 1188 1 2 2 1 3 1 2 2 3 3 3 2 2 3 3 3 1 1 3 2 3 1 1 3
0 0 0 0 0 0 0 0 0 0 0 0 0 0 0 0 0 0 0 1188 1189 1188 1188 1189 1188 3 1 1 2 3 2 1 2 2 1 1 2 3 2 3 1 3 3 3 2 1 2 3 3
0 0 0 0 0 0 0 0 0 0 0 0 0 0 0 0 0 0 0 0 0 0 0 0 0 0 0 1187 1188 1187 1188 1187 1189 1187 1188 1187 1188 1189 1188 1187 1187 1187 1188 1189 1189 1188 1188 1187 1188
0 0 0 0 0 0 0 0 0 0 0 0 0 0 0 0 0 0 0 0 0 0 0 0 0 0 0 0 0 0 0 0 0 0 0 0 0 1189 1188 1189 1188 1188 1189 1189 1188 1189 1187 1188 1188
0 0 0 0 0 0 0 0 0 0 0 0 0 0 0 0 0 0 0 0 0 1189 1188 1187 1188 3 3 3 1 2 2 2 1 2 2 3 2 1 1 1 1 2 1 2 1 3 1 1 3
0 0 0 0 0 0 0 0 0 0 0 0 0 0 1188 1189 1189 1188 1187 1189 1189 1188 1189 1189 1188 3 1 1 2 2 3 1 1 1 2 1 2 2 1 3 2 2 2 3 1 3 3 3 2
0 0 0 0 0 0 0 0 0 0 0 0 0 0 0 0 0 0 0 0 1188 1187 1189 1188 1189 2 2 2 1 1 2 2 3 1 3 2 2 1 1 3 3 3 3 3 3 2 1 1 3
0 0 0 0 0 0 0 0 0 0 0 0 0 0 0 0 0 0 0 0 0 0 0 0 0 0 0 0 0 1188 1187 1188 1187 1189 1188 1187 1187 1187 1187 1187 1189 1189 1189 1189 1187 1187 1187 1188 1187
0 0 0 0 0 0 0 0 0 0 0 0 1188 1188 1188 1187 1189 1189 1187 1189 1187 1187 1189 1188 1189 1 2 1 2 2 1 2 1 3 1 1 1 3 2 1 3 2 2 2 1 3 1 2 3
0 0 0 0 0 0 0 0 0 0 0 0 0 1187 1188 1187 1189 1188 1188 1187 1188 1188 1188 1189 1188 2 3 2 2 2 2 3 2 1 3 3 2 3 3 1 3 2 2 2 3 2 1 1 2
0 0 0 0 0 0 0 0 0 0 0 0 0 0 0 0 0 0 0 0 0 0 0 0 0 0 0 0 0 0 0 0 0 0 1189 1187 1189 1189 1189 1187 1188 1187 1187 1189 1187 1189 1187 1188 1188
0 0 0 0 0 0 0 0 0 0 0 0 0 0 0 0 0 0 0 0 0 0 0 0 0 1187 1189 1188 1189 1187 1188 1189 1188 1189 1187 1187 1188 1188 1189 1189 1187 1188 1187 1188 1188 1189 1189 1187 1189
0 0 0 0 0 0 0 0 0 0 0 0 0 0 0 0 0 0 0 0 0 0 0 0 1188 3 3 3 2 1 1 2 1 3 3 3 3 2 1 2 2 2 2 3 3 1 2 3 1
0 0 0 0 0 0 0 0 0 0 0 0 0 0 0 0 0 0 0 0 0 0 1187 1189 1188 3 1 2 2 2 3 2 2 2 2 1 2 3 2 2 2 1 2 1 3 2 2 2 2
0 0 0 0 0 0 0 0 0 0 0 0 0 0 0 0 0 0 0 0 0 0 0 0 0 0 0 0 0 0 0 1187 1187 1188 1189 1189 1188 1187 1188 1188 1187 1189 1189 1188 1187 1189 1189 1188 1187
0 0 0 0 0 0 0 0 0 0 0 0 0 0 0 0 0 0 0 0 0 0 0 0 0 0 0 0 0 0 0 0 0 0 0 0 0 0 0 0 0 0 0 0 0 0 0 1189 1188
0 0 1189 1188 1187 1188 1187 1188 1187 1188 1187 1188 1189 1189 1188 1188 1188 1189 1187 1188 1187 1188 1189 1188 1187 3 1 2 3 3 3 3 3 1 1 2 3 2 1 3 2 3 3 3 3 1 1 1 3
0 0 0 0 0 0 0 0 0 0 0 0 0 0 0 0 0 0 0 0 0 0 0 1187 1189 2 3 1 1 3 1 3 3 3 1 1 1 3 1 2 2 3 2 3 3 3 3 1 1
0 0 0 0 0 0 0 0 0 0 0 0 0 0 0 0 0 0 0 0 0 0 0 0 0 0 0 0 0 0 0 0 0 0 0 0 0 0 0 0 1189 1188 1189 1187 1189 1188 1189 1187 1187
0 0 0 0 0 0 0 0 0 0 0 0 0 0 0 0 0 1187 1187 1189 1188 1188 1187 1188 1188 2 3 1 1 2 1 2 2 3 2 3 1 2 2 1 2 2 1 3 2 3 1 1 1
0 0 0 0 0 0 0 0 0 0 0 0 0 0 0 0 0 0 0 0 0 0 0 0 0 0 0 0 0 0 0 0 0 0 0 0 1189 1187 1189 1189 1188 1189 1189 1188 1189 1187 1189 1187 1189
0 0 0 0 0 0 0 0 0 0 1189 1188 1189 1188 1189 1187 1189 1188 1188 1187 1188 1187 1189 1189 1189 2 1 3 1 2 3 2 1 3 1 1 2 3 3 3 2 2 3 1 2 2 2 2 2
0 0 0 0 0 0 0 0 0 0 0 0 0 0 0 0 0 0 0 0 0 0 0 0 0 0 0 0 0 0 0 0 0 0 0 0 0 0 0 0 0 0 1188 1187 1187 1189 1189 1188 1189
0 0 0 1187 1189 1188 1187 1187 1187 1189 1187 1187 1187 1187 1187 1188 1189 1187 1188 1187 1189 1189 1189 1188 1189 3 2 2 3 1 1 1 2 3 3 2 2 1 3 3 3 3 3 3 2 1 1 3 2
0 0 0 0 0 0 0 0 0 0 0 0 0 0 0 0 0 0 0 0 0 0 0 0 0 0 0 0 0 0 0 0 0 0 0 0 0 0 0 1188 1189 1189 1189 1189 1187 1187 1188 1187 1189
0 0 0 0 0 0 0 0 0 0 0 0 0 0 0 0 0 0 0 0 0 0 0 0 0 0 1187 1189 1188 1189 1187 1187 1188 1188 1189 1188 1188 1187 1189 1189 1188 1189 1189 1188 1189 1187 1189 1188 1189
0 0 0 0 0 0 0 0 0 0 0 0 0 0 0 0 0 0 0 0 0 0 0 0 0 0 0 0 0 0 0 0 1188 1189 1189 1188 1189 1187 1188 1189 1189 1189 1188 1187 1189 1187 1188 1188 1187
0 0 0 0 0 0 0 0 0 0 0 0 0 0 0 0 0 0 0 0 0 0 0 0 0 0 0 0 0 0 0 0 0 0 0 0 0 0 0 0 0 0 0 0 0 1187 1189 1187 1188
0 0 0 0 0 0 0 0 0 0 0 0 0 0 0 0 0 0 0 0 0 0 0 0 0 0 0 0 0 0 0 0 0 0 0 0 0 0 0 0 0 0 0 0 0 0 0 0 1189
0 0 0 0 0 0 0 0 0 0 0 0 0 0 0 0 0 0 0 0 0 0 0 0 0 0 0 0 0 0 0 0 0 0 0 0 0 0 0 0 0 1189 1189 1187 1188 1187 1187 1189 1187
0 1189 1188 1189 1189 1189 1189 1189 1188 1188 1189 1188 1189 1187 1188 1188 1188 1189 1187 1187 1189 1187 1189 1187 1188 1 3 2 1 3 3 3 3 3 3 3 3 2 3 3 1 3 3 3 1 1 2 3 3
0 0 0 0 0 0 0 0 0 0 0 0 0 0 0 0 0 0 0 0 0 0 0 0 0 0 0 0 0 0 0 0 0 0 0 0 0 0 1187 1188 1189 1187 1187 1187 1189 1188 1189 1187 1188
0 0 0 0 0 0 0 0 0 0 0 0 0 0 0 0 0 0 0 0 0 0 0 0 0 0 0 0 0 0 0 0 0 0 0 0 0 0 0 0 0 0 0 0 0 0 0 0 0
