0 0 0 0 0 0 0 0 0 0 0 0 0 0 0 0 146 146
0 0 0 0 0 0 147 145 145 146 2 3 2 1 1 2 2 1
0 0 0 0 0 0 0 146 147 146 3 1 2 1 1 2 2 2
0 0 0 0 0 0 0 0 0 0 0 146 146 145 145 147 146 145
0 0 0 0 0 0 0 0 0 0 0 0 146 145 146 145 147 146
0 0 0 0 146 146 145 145 145 147 3 2 1 1 1 1 3 2
0 0 145 145 147 146 146 145 147 147 1 3 3 3 1 3 1 2
0 0 0 0 0 0 0 0 0 147 3 1 2 3 3 3 2 2
0 0 0 146 145 147 147 147 146 146 2 3 3 3 3 1 3 3
0 0 0 0 0 0 0 0 0 0 0 0 0 0 147 147 147 147
0 0 0 0 0 145 147 147 145 145 1 2 3 1 1 3 3 1
0 0 0 0 0 0 0 0 147 147 3 2 1 3 3 1 1 3
0 0 0 0 0 0 0 0 0 0 0 0 0 0 0 146 145 147
0 0 0 0 0 0 0 0 0 0 0 0 0 0 0 0 0 145
0 0 0 0 0 0 0 0 0 0 145 145 145 147 146 147 146 147
0 0 0 0 0 0 0 0 0 0 0 0 0 145 146 146 146 146
0 145 146 146 145 147 146 146 146 147 2 3 1 1 2 3 1 1
0 0 0 0 0 0 0 0 0 0 0 0 0 0 0 0 0 0
