0 0 0 0 0 0 0 0 0 0 0 0 0 0 438 437 3 2 3 1 1 1 1 3 3 3 1 3 1 3
0 0 0 0 0 0 0 0 0 0 0 0 0 0 0 0 0 0 0 0 0 0 0 0 0 437 437 438 438 438
0 0 0 0 0 0 0 0 0 0 0 0 0 0 0 0 0 0 0 0 437 438 437 436 437 436 438 438 438 436
0 0 0 0 0 0 0 0 0 0 0 0 0 0 0 0 0 0 0 437 437 437 438 436 437 436 437 438 436 438
0 0 0 437 438 436 437 437 437 438 438 437 436 438 438 437 2 2 3 1 2 2 3 1 2 1 2 2 3 2
0 0 0 0 0 436 437 437 436 437 437 436 436 438 436 436 3 1 1 2 2 1 1 1 1 2 1 3 3 3
0 0 0 0 0 0 0 0 0 0 0 0 0 0 0 0 0 0 436 438 437 436 438 438 437 437 437 436 438 436
0 0 0 0 0 0 0 0 0 0 438 438 438 438 437 438 3 2 3 1 1 3 1 2 2 3 3 3 3 2
0 0 0 0 0 0 0 0 0 0 0 0 0 0 0 0 0 0 0 0 0 0 0 0 0 0 437 438 438 437
0 0 0 0 0 0 0 0 0 0 0 437 436 436 437 437 2 2 1 3 3 2 2 3 2 2 1 3 2 1
0 0 0 0 0 0 0 0 0 0 0 0 0 438 438 437 2 2 3 3 1 3 2 3 2 3 3 3 2 3
0 0 0 0 0 0 0 0 0 0 0 0 0 0 0 0 0 438 436 437 438 436 436 436 438 436 438 436 437 438
0 0 0 0 0 0 0 0 0 0 0 0 0 0 0 0 0 0 0 0 0 0 0 0 438 436 436 437 438 437
0 0 0 0 0 0 437 436 437 436 438 436 436 436 438 436 1 3 1 3 1 2 3 2 1 1 2 1 2 2
0 0 0 0 0 0 0 0 0 436 437 437 437 438 437 436 3 1 1 2 2 3 2 1 1 3 3 2 1 3
0 0 0 0 0 0 0 0 0 0 0 0 0 0 0 0 0 0 0 0 0 0 0 0 0 0 0 436 436 438
0 0 0 0 0 0 0 0 0 0 0 0 0 0 0 0 436 436 437 438 437 437 436 437 437 437 436 438 437 438
0 0 0 0 437 436 436 438 436 438 437 438 438 437 436 438 1 2 1 2 1 1 2 3 3 3 3 1 2 2
0 0 0 0 0 0 0 0 0 0 0 0 0 0 0 0 0 0 0 0 0 437 438 438 438 437 436 436 438 436
0 0 438 438 436 437 438 437 438 438 438 436 436 436 438 438 1 3 3 3 1 1 3 1 3 2 3 2 1 3
0 0 0 0 0 0 0 0 0 0 0 0 0 0 0 0 0 0 0 0 0 0 0 436 436 438 438 436 438 438
0 0 0 0 0 0 0 0 0 0 0 0 436 438 437 438 2 3 3 3 2 3 1 3 1 3 1 3 3 1
0 0 0 0 0 0 0 0 0 0 0 0 0 0 0 0 0 0 0 0 0 0 0 0 0 0 0 0 438 438
0 0 0 0 0 0 0 438 436 437 437 437 438 436 437 436 2 1 2 2 1 1 2 2 3 3 3 3 2 1
0 0 0 0 0 0 0 0 438 437 436 438 436 436 436 437 1 2 2 2 2 3 3 1 2 3 1 1 2 1
0 0 0 0 0 0 0 0 0 0 0 0 0 0 0 0 0 0 0 0 0 0 0 0 0 0 0 0 0 436
0 0 0 0 0 0 0 0 0 0 0 0 0 0 0 438 1 2 3 3 2 1 2 1 2 2 2 3 2 3
0 436 436 436 438 437 437 438 438 438 438 438 438 436 437 437 2 3 2 3 1 3 3 2 2 3 3 3 1 2
0 0 0 0 0 0 0 0 0 0 0 0 0 0 0 0 0 0 0 0 0 0 437 438 437 438 438 438 437 436
0 0 0 0 0 0 0 0 0 0 0 0 0 0 0 0 0 0 0 0 0 0 0 0 0 0 0 0 0 0
