0 0 0 0 0 0 0 0 0 0 0 1056 1055 1055 1056 1055 1056 1054 1055 1056 1055 1054 1055 1054 1054 1 2 3 2 3 3 1 3 3 2 3 3 1 3 3 2 2 2 1 2 2 3 1
0 0 0 0 0 0 0 0 0 0 0 0 0 0 0 0 0 0 0 0 0 0 0 0 0 0 0 0 0 0 0 0 0 0 0 0 0 0 0 0 0 0 0 0 0 0 0 1056
0 0 0 0 0 0 0 0 0 0 0 0 0 0 0 0 0 0 0 0 0 0 0 0 0 0 0 0 0 0 0 0 0 0 0 0 0 1054 1054 1056 1056 1055 1055 1055 1055 1055 1056 1055
0 0 0 0 0 0 0 0 0 0 0 0 0 0 0 0 0 0 0 0 0 0 0 0 0 0 0 0 0 0 1056 1055 1055 1056 1054 1055 1054 1056 1054 1055 1056 1054 1056 1054 1054 1056 1055 1056
0 0 0 0 0 0 0 0 0 0 0 0 0 0 0 0 0 0 0 0 0 0 0 0 0 0 0 0 0 0 0 0 0 0 0 0 0 0 1054 1056 1056 1056 1056 1056 1056 1056 1054 1056
0 0 0 0 0 1054 1054 1055 1056 1054 1056 1055 1054 1055 1054 1054 1055 1056 1056 1055 1054 1054 1055 1054 1054 2 1 1 3 1 1 1 2 2 3 2 1 2 1 3 3 3 3 1 1 2 3 3
0 0 0 0 0 0 0 0 0 0 0 0 0 0 1054 1054 1054 1056 1055 1055 1054 1055 1055 1056 1056 1 1 2 1 1 1 3 3 1 3 1 3 1 1 3 2 2 1 1 1 3 2 3
0 0 0 0 0 0 0 0 0 0 0 0 0 0 0 0 0 0 0 0 0 0 0 0 0 0 0 0 0 0 0 0 0 0 0 0 0 0 0 0 0 0 0 1055 1056 1054 1054 1056
0 1055 1054 1055 1054 1055 1054 1054 1054 1056 1056 1056 1055 1055 1056 1056 1055 1056 1056 1054 1054 1055 1056 1056 1056 1 2 1 3 1 2 2 1 1 3 1 2 1 3 3 2 2 3 1 2 1 1 2
0 0 0 0 0 0 0 0 0 0 0 0 0 0 0 0 0 0 0 0 0 0 0 0 0 0 1056 1055 1054 1055 1055 1054 1055 1054 1056 1055 1056 1055 1056 1055 1054 1056 1056 1055 1054 1055 1054 1054
0 0 0 0 0 0 0 0 0 0 0 0 0 0 0 0 0 0 0 1054 1056 1055 1055 1056 1056 1 3 2 1 1 3 1 2 2 3 3 3 2 1 1 2 3 3 3 1 1 3 3
0 0 0 0 0 0 0 0 0 1054 1056 1056 1054 1056 1056 1054 1055 1055 1055 1056 1054 1054 1054 1055 1056 1 2 1 2 3 1 2 2 1 3 3 1 3 2 2 2 3 2 1 1 1 3 3
0 0 0 0 0 0 0 1054 1056 1054 1055 1055 1056 1055 1054 1055 1056 1056 1056 1055 1055 1054 1055 1055 1055 2 1 3 2 3 1 1 1 3 2 1 1 1 3 1 2 1 2 2 2 2 3 1
0 0 0 0 0 0 0 0 0 0 0 0 0 0 0 0 0 0 0 0 0 0 0 0 0 0 0 0 0 0 0 0 1055 1054 1056 1054 1056 1055 1056 1054 1055 1056 1056 1055 1056 1056 1055 1055
0 0 0 0 0 0 0 0 0 0 0 0 0 0 0 0 0 0 0 0 0 0 0 1056 1056 2 3 1 2 2 2 3 1 3 1 1 2 1 2 3 3 3 3 3 2 1 2 1
0 0 0 0 0 0 0 0 0 0 0 0 0 0 0 0 0 0 0 0 0 0 0 0 0 0 0 0 0 0 0 0 0 1054 1055 1055 1054 1056 1056 1055 1054 1054 1056 1054 1055 1055 1054 1055
0 0 0 0 0 0 0 0 0 0 0 0 1054 1056 1054 1054 1056 1054 1054 1056 1056 1055 1055 1055 1054 1 1 1 3 1 3 2 2 2 2 2 1 3 2 3 1 3 1 2 1 1 2 3
0 0 0 0 0 0 0 0 0 0 0 0 0 0 0 0 0 0 0 0 0 0 0 0 0 0 0 0 0 0 0 0 0 0 0 0 0 0 0 0 0 0 0 0 0 0 1056 1055
0 0 0 0 0 0 0 0 1055 1055 1056 1055 1054 1056 1056 1055 1054 1054 1056 1055 1055 1056 1056 1056 1054 2 3 2 2 3 1 2 1 3 1 2 1 3 3 3 1 1 1 2 1 2 1 3
0 0 0 0 0 0 0 0 0 0 0 0 0 0 0 1054 1054 1054 1054 1056 1056 1056 1056 1054 1054 1 3 1 1 1 3 1 1 2 3 3 1 3 2 2 3 1 2 2 1 3 1 2
0 0 0 0 0 0 0 0 0 0 0 0 0 0 0 0 0 1056 1054 1055 1054 1055 1056 1056 1054 3 1 3 1 3 3 1 1 1 1 1 2 2 3 2 3 1 1 2 3 2 3 1
0 0 0 0 0 0 0 0 0 0 0 0 0 0 0 0 0 0 0 0 0 0 0 0 0 0 0 0 0 0 0 1055 1055 1055 1054 1056 1054 1055 1054 1055 1056 1055 1055 1055 1054 1055 1055 1054
0 0 0 0 0 0 0 0 0 0 0 0 0 0 0 0 0 0 0 0 0 0 0 0 0 0 0 0 0 0 0 0 0 0 0 1055 1055 1054 1056 1056 1055 1056 1056 1055 1055 1056 1056 1055
0 0 0 0 0 0 0 0 0 0 0 0 0 0 0 0 0 0 0 0 0 0 0 0 0 0 0 1056 1056 1054 1054 1056 1055 1054 1054 1054 1055 1054 1054 1056 1056 1056 1054 1056 1056 1054 1054 1055
0 0 1055 1055 1056 1055 1055 1054 1055 1056 1056 1056 1054 1055 1055 1054 1055 1054 1054 1054 1055 1056 1054 1056 1056 1 1 3 3 1 2 1 2 2 3 3 1 1 2 1 2 3 2 3 2 2 2 1
0 0 0 0 0 0 0 0 0 0 0 0 0 0 0 0 0 0 1055 1054 1055 1056 1056 1055 1055 1 3 2 2 3 1 1 1 3 1 3 3 2 1 3 2 2 3 2 3 1 2 2
0 0 0 0 0 0 0 0 0 0 0 0 0 0 0 0 0 0 0 0 0 0 0 0 0 1055 1054 1056 1054 1056 1056 1054 1056 1056 1054 1055 1055 1056 1055 1056 1054 1056 1056 1055 1056 1054 1055 1056
0 0 0 0 0 0 0 0 0 0 0 0 0 0 0 0 0 0 0 0 0 0 0 0 0 0 0 0 0 1056 1055 1054 1054 1056 1056 1055 1054 1056 1056 1054 1054 1056 1055 1054 1056 1054 1054 1055
0 0 0 0 0 0 0 0 0 0 0 0 0 0 0 0 0 0 0 0 0 0 0 0 0 0 0 0 1056 1054 1056 1054 1055 1055 1056 1056 1055 1054 1056 1056 1056 1055 1054 1055 1055 1054 1056 1056
0 0 0 0 0 0 0 0 0 0 0 0 0 0 0 0 0 0 0 0 0 0 0 0 0 0 0 0 0 0 0 0 0 0 0 0 0 0 0 0 1054 1056 1054 1056 1056 1054 1056 1054
0 0 0 0 0 0 0 0 0 0 0 0 0 0 0 0 0 0 0 0 0 0 0 0 0 0 0 0 0 0 0 0 0 0 1055 1054 1054 1056 1055 1055 1056 1056 1056 1055 1054 1054 1054 1056
0 0 0 0 0 0 0 0 0 0 0 0 0 0 0 0 0 0 0 0 0 0 1054 1054 1056 2 1 3 3 2 2 2 3 3 1 1 3 1 3 3 3 2 1 1 3 3 2 3
0 0 0 0 0 0 0 0 0 0 0 0 0 0 0 0 0 0 0 0 0 0 0 0 0 0 0 0 0 0 0 0 0 0 0 0 0 0 0 1054 1056 1054 1055 1054 1055 1055 1056 1055
0 0 0 0 0 0 0 0 0 0 1055 1056 1056 1056 1055 1056 1055 1055 1054 1055 1054 1054 1056 1054 1056 2 2 1 2 1 1 3 2 2 2 3 2 1 2 2 2 1 2 2 1 1 3 3
0 0 0 0 0 0 0 0 0 0 0 0 0 0 0 0 1055 1056 1055 1055 1055 1055 1054 1055 1055 2 3 2 2 1 1 1 2 1 2 1 1 2 1 3 3 3 1 2 3 3 1 1
0 0 0 0 0 0 0 0 0 0 0 0 0 0 0 0 0 0 0 0 0 0 0 0 0 0 0 0 0 0 0 0 0 0 0 0 0 0 0 0 0 0 0 0 1055 1056 1054 1055
0 0 0 0 0 0 1054 1055 1056 1056 1054 1054 1054 1055 1055 1055 1056 1056 1054 1056 1055 1056 1055 1055 1056 1 2 2 3 3 2 3 2 1 2 3 1 1 1 2 1 2 3 1 2 3 3 3
0 0 0 0 0 0 0 0 0 0 0 0 0 1054 1054 1055 1056 1055 1055 1055 1056 1055 1056 1055 1054 2 3 1 3 1 3 1 2 2 1 2 2 2 2 3 3 1 1 3 1 1 2 3
0 0 0 0 0 0 0 0 0 0 0 0 0 0 0 0 0 0 0 0 0 1054 1056 1055 1056 2 1 1 2 2 3 1 1 1 2 1 2 3 1 1 1 2 2 2 2 2 1 1
0 0 0 0 0 0 0 0 0 0 0 0 0 0 0 0 0 0 0 0 1056 1056 1054 1054 1056 3 2 1 2 1 1 1 1 1 2 1 1 2 1 1 1 2 2 3 1 1 3 2
0 0 0 0 0 0 0 0 0 0 0 0 0 0 0 0 0 0 0 0 0 0 0 0 0 0 0 0 0 0 0 0 0 0 0 0 0 0 0 0 0 1054 1056 1054 1054 1054 1054 1055
0 0 0 0 0 0 0 0 0 0 0 0 0 0 0 0 0 0 0 0 0 0 0 0 0 0 0 0 0 0 0 0 0 0 0 0 0 0 0 0 0 0 1055 1055 1056 1056 1056 1055
0 0 0 0 1055 1056 1056 1054 1056 1056 1055 1055 1056 1056 1056 1056 1056 1055 1054 1054 1056 1054 1056 1054 1055 3 1 2 1 1 1 2 3 1 2 3 3 2 1 3 2 2 1 3 3 2 1 1
0 0 0 0 0 0 0 0 0 0 0 0 0 0 0 0 0 0 0 0 0 0 0 0 0 0 0 0 0 0 0 0 0 0 0 0 0 0 0 0 0 0 0 0 0 1054 1056 1056
0 0 0 0 0 0 0 0 0 0 0 0 0 0 0 0 0 0 0 0 0 0 0 0 0 0 0 0 0 0 0 0 0 0 0 0 1056 1056 1055 1055 1055 1055 1055 1054 1054 1056 1054 1054
0 0 0 0 0 0 0 0 0 0 0 0 0 0 0 0 0 0 0 0 0 0 0 0 1056 3 1 3 3 1 2 1 1 1 1 1 2 3 1 1 3 1 3 3 1 2 1 1
0 0 0 1054 1054 1055 1054 1055 1055 1054 1056 1055 1055 1055 1056 1056 1054 1055 1055 1055 1055 1056 1055 1055 1055 1 1 3 3 2 1 1 3 1 3 1 1 3 2 3 2 2 1 1 3 3 1 3
0 0 0 0 0 0 0 0 0 0 0 0 0 0 0 0 0 0 0 0 0 0 0 0 0 0 0 0 0 0 0 0 0 0 0 0 0 0 0 0 0 0 0 0 0 0 0 0
