0 554 553 554 554 554 553 553 555 554 554 555 554 553 554 554 555 554 3 2 2 3 1 1 2 3 3 3 1 3 2 1 2 2
0 0 555 555 553 555 555 553 554 553 555 553 555 553 553 553 554 555 2 3 3 3 3 3 2 1 2 1 1 1 1 3 3 1
0 0 0 554 554 555 555 553 553 554 555 553 555 555 554 555 554 554 3 1 1 3 3 1 2 1 1 3 1 1 3 3 3 1
0 0 0 0 555 554 554 555 554 554 553 554 553 555 554 555 553 554 2 3 1 1 1 3 3 1 1 2 1 1 1 2 3 3
0 0 0 0 0 555 553 554 554 555 554 555 554 553 553 554 553 554 1 3 3 1 3 2 2 2 2 3 2 3 3 1 1 3
0 0 0 0 0 0 554 555 554 553 554 553 554 553 555 554 553 555 2 1 3 1 2 3 1 1 1 1 2 2 3 1 3 3
0 0 0 0 0 0 0 553 553 555 555 555 555 554 554 554 554 555 3 1 1 3 3 2 1 3 2 3 2 1 2 1 2 3
0 0 0 0 0 0 0 0 554 555 555 555 554 553 553 554 553 553 1 2 3 1 2 3 1 2 3 3 3 3 1 1 2 1
0 0 0 0 0 0 0 0 0 553 554 554 555 555 553 554 554 553 3 2 3 2 1 2 3 3 3 1 3 3 1 3 3 1
0 0 0 0 0 0 0 0 0 0 555 554 553 554 554 553 553 555 3 2 1 2 2 3 1 1 3 2 1 1 2 2 3 1
0 0 0 0 0 0 0 0 0 0 0 553 554 553 554 555 553 553 1 1 2 3 1 3 3 3 2 3 1 2 1 2 2 3
0 0 0 0 0 0 0 0 0 0 0 0 555 553 554 553 553 555 3 3 1 2 1 1 2 3 1 3 3 3 2 3 1 2
0 0 0 0 0 0 0 0 0 0 0 0 0 554 553 555 554 553 1 2 2 3 2 3 3 3 3 2 3 3 3 3 3 1
0 0 0 0 0 0 0 0 0 0 0 0 0 0 555 554 553 553 1 1 2 2 1 2 1 1 3 2 3 2 1 1 2 3
0 0 0 0 0 0 0 0 0 0 0 0 0 0 0 555 555 555 2 2 2 2 1 2 2 3 1 1 2 3 2 3 1 2
0 0 0 0 0 0 0 0 0 0 0 0 0 0 0 0 553 555 3 2 2 1 2 2 1 3 2 2 1 3 1 1 3 3
0 0 0 0 0 0 0 0 0 0 0 0 0 0 0 0 0 553 3 1 1 1 1 2 1 3 3 2 2 1 3 1 3 3
0 0 0 0 0 0 0 0 0 0 0 0 0 0 0 0 0 0 553 553 554 554 554 554 553 555 553 555 553 554 554 555 554 554
0 0 0 0 0 0 0 0 0 0 0 0 0 0 0 0 0 0 0 553 554 554 553 554 553 553 554 554 555 554 555 555 553 555
0 0 0 0 0 0 0 0 0 0 0 0 0 0 0 0 0 0 0 0 554 554 553 555 555 553 554 555 554 554 553 555 555 555
0 0 0 0 0 0 0 0 0 0 0 0 0 0 0 0 0 0 0 0 0 553 555 553 555 553 555 554 555 554 554 555 553 555
0 0 0 0 0 0 0 0 0 0 0 0 0 0 0 0 0 0 0 0 0 0 553 555 555 553 553 555 555 555 553 554 553 554
0 0 0 0 0 0 0 0 0 0 0 0 0 0 0 0 0 0 0 0 0 0 0 554 555 555 555 554 554 554 553 555 554 555
0 0 0 0 0 0 0 0 0 0 0 0 0 0 0 0 0 0 0 0 0 0 0 0 553 553 555 554 553 554 555 554 555 555
0 0 0 0 0 0 0 0 0 0 0 0 0 0 0 0 0 0 0 0 0 0 0 0 0 553 554 555 554 554 555 555 555 555
0 0 0 0 0 0 0 0 0 0 0 0 0 0 0 0 0 0 0 0 0 0 0 0 0 0 553 554 553 553 554 553 555 555
0 0 0 0 0 0 0 0 0 0 0 0 0 0 0 0 0 0 0 0 0 0 0 0 0 0 0 553 555 554 553 553 554 553
0 0 0 0 0 0 0 0 0 0 0 0 0 0 0 0 0 0 0 0 0 0 0 0 0 0 0 0 554 555 554 554 555 553
0 0 0 0 0 0 0 0 0 0 0 0 0 0 0 0 0 0 0 0 0 0 0 0 0 0 0 0 0 554 555 554 555 553
0 0 0 0 0 0 0 0 0 0 0 0 0 0 0 0 0 0 0 0 0 0 0 0 0 0 0 0 0 0 553 555 554 555
0 0 0 0 0 0 0 0 0 0 0 0 0 0 0 0 0 0 0 0 0 0 0 0 0 0 0 0 0 0 0 554 555 553
0 0 0 0 0 0 0 0 0 0 0 0 0 0 0 0 0 0 0 0 0 0 0 0 0 0 0 0 0 0 0 0 555 554
0 0 0 0 0 0 0 0 0 0 0 0 0 0 0 0 0 0 0 0 0 0 0 0 0 0 0 0 0 0 0 0 0 553
0 0 0 0 0 0 0 0 0 0 0 0 0 0 0 0 0 0 0 0 0 0 0 0 0 0 0 0 0 0 0 0 0 0
