0 922 923 923 923 922 923 921 922 923 921 921 921 923 923 921 923 922 923 921 922 923 921 2 2 1 1 3 3 2 2 3 1 2 2 1 3 2 2 3 2 1 2 3
0 0 921 921 921 921 923 922 922 922 921 921 922 923 922 921 922 921 922 923 923 922 922 1 3 3 3 3 3 1 3 2 2 1 2 2 2 1 3 1 2 2 2 1
0 0 0 923 922 921 922 921 923 923 923 922 922 922 923 922 923 923 923 922 923 922 923 3 2 2 3 3 3 2 3 1 2 3 3 2 2 3 1 2 1 3 2 2
0 0 0 0 922 921 923 923 921 922 921 922 922 922 921 923 922 922 921 922 923 922 923 2 3 2 3 3 1 1 3 2 3 3 3 3 2 1 2 1 3 1 2 1
0 0 0 0 0 923 922 922 922 923 923 923 921 921 922 922 921 921 921 922 923 923 923 1 3 1 2 1 3 1 2 3 2 2 1 2 1 2 3 3 1 2 2 3
0 0 0 0 0 0 922 921 923 923 921 922 921 922 923 922 923 923 921 921 923 921 923 3 3 1 3 3 3 2 3 2 1 3 3 2 2 1 1 2 3 2 3 2
0 0 0 0 0 0 0 921 923 923 921 923 922 922 923 923 921 922 923 922 921 922 922 2 2 1 2 1 1 3 2 1 3 2 1 1 1 3 1 2 2 1 3 3
0 0 0 0 0 0 0 0 923 922 922 923 923 922 921 922 921 921 922 922 922 922 922 2 1 2 1 3 3 2 3 2 1 1 2 2 2 2 1 2 2 2 3 1
0 0 0 0 0 0 0 0 0 921 921 922 921 921 923 923 922 923 922 921 922 921 923 1 2 2 3 2 1 1 1 3 2 1 1 3 1 1 2 1 1 2 1 3
0 0 0 0 0 0 0 0 0 0 922 922 921 921 921 921 922 921 921 923 923 922 922 3 2 2 2 3 2 2 3 1 3 2 3 2 2 2 1 2 2 2 1 2
0 0 0 0 0 0 0 0 0 0 0 923 923 923 923 921 922 923 921 923 923 923 922 2 3 3 1 2 2 1 3 1 1 1 2 2 1 1 3 1 2 2 2 2
0 0 0 0 0 0 0 0 0 0 0 0 922 921 921 922 922 923 921 923 922 923 922 2 2 2 2 1 3 2 1 3 3 3 1 1 2 2 3 2 1 1 1 1
0 0 0 0 0 0 0 0 0 0 0 0 0 921 922 921 921 923 921 923 922 922 922 1 3 2 2 1 1 2 2 1 1 3 3 1 3 2 1 3 2 2 3 3
0 0 0 0 0 0 0 0 0 0 0 0 0 0 922 921 922 923 922 923 923 922 923 1 2 2 2 1 3 2 1 3 1 2 1 1 2 3 1 3 1 2 3 2
0 0 0 0 0 0 0 0 0 0 0 0 0 0 0 923 922 921 922 923 921 922 923 3 2 3 2 1 2 1 2 2 3 2 2 2 3 1 1 1 1 2 1 2
0 0 0 0 0 0 0 0 0 0 0 0 0 0 0 0 923 921 923 922 923 923 921 1 1 2 2 3 1 2 1 3 2 1 3 1 2 3 2 1 1 1 2 3
0 0 0 0 0 0 0 0 0 0 0 0 0 0 0 0 0 923 922 921 921 923 923 1 1 3 3 3 3 2 1 3 3 1 3 1 2 2 2 3 1 1 2 2
0 0 0 0 0 0 0 0 0 0 0 0 0 0 0 0 0 0 923 922 922 921 923 3 2 2 2 1 1 1 2 3 3 1 2 3 1 3 3 3 3 2 3 3
0 0 0 0 0 0 0 0 0 0 0 0 0 0 0 0 0 0 0 921 922 922 923 3 2 1 3 3 1 2 1 1 1 1 3 1 2 3 1 1 3 2 2 2
0 0 0 0 0 0 0 0 0 0 0 0 0 0 0 0 0 0 0 0 921 921 922 3 3 3 1 2 1 3 2 1 1 3 2 2 3 3 2 2 2 3 3 2
0 0 0 0 0 0 0 0 0 0 0 0 0 0 0 0 0 0 0 0 0 923 923 3 3 1 3 2 3 3 2 2 1 3 2 1 1 2 1 3 1 3 2 2
0 0 0 0 0 0 0 0 0 0 0 0 0 0 0 0 0 0 0 0 0 0 923 3 3 1 1 3 2 1 3 2 1 2 2 1 1 3 3 2 1 2 1 3
0 0 0 0 0 0 0 0 0 0 0 0 0 0 0 0 0 0 0 0 0 0 0 923 923 922 921 922 921 921 922 922 923 923 921 922 921 923 923 923 923 923 921 921
0 0 0 0 0 0 0 0 0 0 0 0 0 0 0 0 0 0 0 0 0 0 0 0 923 921 923 921 923 921 923 923 923 921 921 923 921 923 923 922 921 922 923 922
0 0 0 0 0 0 0 0 0 0 0 0 0 0 0 0 0 0 0 0 0 0 0 0 0 923 923 922 921 923 921 922 923 922 921 922 923 923 923 921 922 922 923 922
0 0 0 0 0 0 0 0 0 0 0 0 0 0 0 0 0 0 0 0 0 0 0 0 0 0 921 921 922 923 922 922 921 921 921 921 921 923 922 921 922 922 923 923
0 0 0 0 0 0 0 0 0 0 0 0 0 0 0 0 0 0 0 0 0 0 0 0 0 0 0 923 921 923 923 921 922 922 923 921 923 922 923 921 921 921 921 923
0 0 0 0 0 0 0 0 0 0 0 0 0 0 0 0 0 0 0 0 0 0 0 0 0 0 0 0 921 921 921 923 922 922 923 921 922 922 922 921 923 922 922 921
0 0 0 0 0 0 0 0 0 0 0 0 0 0 0 0 0 0 0 0 0 0 0 0 0 0 0 0 0 923 923 922 922 921 921 921 922 922 921 921 922 921 921 923
0 0 0 0 0 0 0 0 0 0 0 0 0 0 0 0 0 0 0 0 0 0 0 0 0 0 0 0 0 0 923 922 921 921 921 923 923 921 923 923 922 922 923 923
0 0 0 0 0 0 0 0 0 0 0 0 0 0 0 0 0 0 0 0 0 0 0 0 0 0 0 0 0 0 0 923 922 922 921 923 921 922 922 922 922 921 921 922
0 0 0 0 0 0 0 0 0 0 0 0 0 0 0 0 0 0 0 0 0 0 0 0 0 0 0 0 0 0 0 0 921 921 921 922 921 922 922 923 923 922 921 921
0 0 0 0 0 0 0 0 0 0 0 0 0 0 0 0 0 0 0 0 0 0 0 0 0 0 0 0 0 0 0 0 0 922 923 922 923 922 923 923 922 922 923 923
0 0 0 0 0 0 0 0 0 0 0 0 0 0 0 0 0 0 0 0 0 0 0 0 0 0 0 0 0 0 0 0 0 0 923 922 922 923 922 921 923 923 921 921
0 0 0 0 0 0 0 0 0 0 0 0 0 0 0 0 0 0 0 0 0 0 0 0 0 0 0 0 0 0 0 0 0 0 0 921 922 923 922 922 922 923 922 921
0 0 0 0 0 0 0 0 0 0 0 0 0 0 0 0 0 0 0 0 0 0 0 0 0 0 0 0 0 0 0 0 0 0 0 0 923 923 921 923 922 922 923 922
0 0 0 0 0 0 0 0 0 0 0 0 0 0 0 0 0 0 0 0 0 0 0 0 0 0 0 0 0 0 0 0 0 0 0 0 0 923 923 921 923 921 922 922
0 0 0 0 0 0 0 0 0 0 0 0 0 0 0 0 0 0 0 0 0 0 0 0 0 0 0 0 0 0 0 0 0 0 0 0 0 0 922 923 922 922 921 922
0 0 0 0 0 0 0 0 0 0 0 0 0 0 0 0 0 0 0 0 0 0 0 0 0 0 0 0 0 0 0 0 0 0 0 0 0 0 0 923 923 921 921 921
0 0 0 0 0 0 0 0 0 0 0 0 0 0 0 0 0 0 0 0 0 0 0 0 0 0 0 0 0 0 0 0 0 0 0 0 0 0 0 0 921 923 922 923
0 0 0 0 0 0 0 0 0 0 0 0 0 0 0 0 0 0 0 0 0 0 0 0 0 0 0 0 0 0 0 0 0 0 0 0 0 0 0 0 0 921 923 921
0 0 0 0 0 0 0 0 0 0 0 0 0 0 0 0 0 0 0 0 0 0 0 0 0 0 0 0 0 0 0 0 0 0 0 0 0 0 0 0 0 0 922 921
0 0 0 0 0 0 0 0 0 0 0 0 0 0 0 0 0 0 0 0 0 0 0 0 0 0 0 0 0 0 0 0 0 0 0 0 0 0 0 0 0 0 0 921
0 0 0 0 0 0 0 0 0 0 0 0 0 0 0 0 0 0 0 0 0 0 0 0 0 0 0 0 0 0 0 0 0 0 0 0 0 0 0 0 0 0 0 0
