0 171 173 172 173 171 173 173 172 171 3 2 3 3 3 2 1 1 2
0 0 173 173 173 171 171 173 173 171 1 3 1 3 2 2 1 3 2
0 0 0 171 173 173 172 173 171 171 3 1 1 1 2 1 1 1 2
0 0 0 0 172 171 172 173 171 173 2 1 2 3 1 2 1 3 3
0 0 0 0 0 172 171 171 173 172 3 2 1 3 2 3 1 3 2
0 0 0 0 0 0 173 172 172 171 2 1 2 3 2 3 2 2 3
0 0 0 0 0 0 0 173 173 171 2 3 1 3 3 3 3 2 1
0 0 0 0 0 0 0 0 172 173 1 2 2 2 3 2 2 2 1
0 0 0 0 0 0 0 0 0 172 2 3 3 2 3 3 3 2 3
0 0 0 0 0 0 0 0 0 0 172 171 173 171 173 173 172 173 173
0 0 0 0 0 0 0 0 0 0 0 172 171 172 171 171 173 171 173
0 0 0 0 0 0 0 0 0 0 0 0 171 172 171 173 173 172 173
0 0 0 0 0 0 0 0 0 0 0 0 0 173 171 173 173 171 171
0 0 0 0 0 0 0 0 0 0 0 0 0 0 171 172 171 173 171
0 0 0 0 0 0 0 0 0 0 0 0 0 0 0 171 173 173 172
0 0 0 0 0 0 0 0 0 0 0 0 0 0 0 0 173 171 171
0 0 0 0 0 0 0 0 0 0 0 0 0 0 0 0 0 171 171
0 0 0 0 0 0 0 0 0 0 0 0 0 0 0 0 0 0 171
0 0 0 0 0 0 0 0 0 0 0 0 0 0 0 0 0 0 0
