0 698 700 699 700 700 700 698 699 700 698 700 698 700 698 700 700 700 698 698 3 3 1 1 1 2 1 2 2 2 1 2 2 1 1 3 2 1
0 0 700 699 700 698 698 699 700 700 699 700 699 700 698 699 699 698 698 700 2 2 1 2 3 2 2 3 3 1 3 2 1 1 3 2 3 1
0 0 0 699 700 698 700 700 700 698 700 700 699 700 698 699 700 699 698 700 1 2 2 3 1 3 2 2 3 1 2 2 1 3 1 1 3 1
0 0 0 0 700 699 699 699 699 698 698 699 700 698 699 700 700 698 698 700 1 2 1 3 3 2 2 3 3 3 2 1 3 3 2 1 2 3
0 0 0 0 0 698 698 699 698 700 700 700 698 698 700 699 698 698 698 700 3 2 2 2 3 2 2 1 1 1 1 3 2 3 2 2 1 1
0 0 0 0 0 0 698 700 700 699 700 700 699 698 699 700 698 700 700 699 1 2 3 1 1 2 1 2 3 3 2 3 1 3 2 2 2 1
0 0 0 0 0 0 0 700 700 698 699 699 699 699 698 698 700 700 699 698 3 3 2 2 1 3 1 1 2 1 2 3 3 2 3 2 3 1
0 0 0 0 0 0 0 0 698 699 699 698 699 699 698 699 698 698 699 698 1 2 1 1 2 2 2 3 3 2 1 1 2 1 1 1 2 2
0 0 0 0 0 0 0 0 0 700 700 698 700 698 699 698 698 700 698 700 3 2 2 1 1 1 3 3 3 3 1 1 3 2 3 1 2 1
0 0 0 0 0 0 0 0 0 0 699 699 700 700 699 698 700 700 700 699 3 3 2 3 3 2 3 2 3 2 3 2 3 2 3 1 3 2
0 0 0 0 0 0 0 0 0 0 0 699 698 699 698 700 700 698 699 700 2 3 2 1 1 2 3 3 2 3 3 3 1 1 3 3 2 3
0 0 0 0 0 0 0 0 0 0 0 0 700 700 699 699 699 700 698 698 1 3 2 1 1 3 1 2 1 2 1 3 1 2 3 2 3 2
0 0 0 0 0 0 0 0 0 0 0 0 0 700 699 700 698 699 700 700 3 2 2 3 1 1 3 1 2 1 1 3 3 3 3 3 1 3
0 0 0 0 0 0 0 0 0 0 0 0 0 0 698 699 699 700 700 699 3 2 3 2 1 3 1 1 3 3 2 1 3 3 1 2 1 3
0 0 0 0 0 0 0 0 0 0 0 0 0 0 0 698 698 700 700 699 2 1 2 2 2 3 1 3 2 2 3 1 3 2 2 1 3 1
0 0 0 0 0 0 0 0 0 0 0 0 0 0 0 0 699 700 700 699 2 1 1 2 2 3 2 3 3 2 2 2 2 2 2 1 2 3
0 0 0 0 0 0 0 0 0 0 0 0 0 0 0 0 0 699 700 699 1 2 1 3 2 2 2 3 2 2 1 3 2 2 1 3 3 1
0 0 0 0 0 0 0 0 0 0 0 0 0 0 0 0 0 0 700 699 2 3 3 2 3 2 3 2 1 1 1 1 2 3 1 2 3 1
0 0 0 0 0 0 0 0 0 0 0 0 0 0 0 0 0 0 0 698 1 3 3 3 1 3 2 3 3 1 3 3 2 2 2 2 2 2
0 0 0 0 0 0 0 0 0 0 0 0 0 0 0 0 0 0 0 0 700 700 699 700 698 700 698 699 700 698 698 699 700 700 698 699 699 700
0 0 0 0 0 0 0 0 0 0 0 0 0 0 0 0 0 0 0 0 0 699 699 699 700 699 700 699 699 699 699 700 698 699 699 698 699 699
0 0 0 0 0 0 0 0 0 0 0 0 0 0 0 0 0 0 0 0 0 0 699 700 698 699 700 698 700 698 699 698 700 700 700 698 698 698
0 0 0 0 0 0 0 0 0 0 0 0 0 0 0 0 0 0 0 0 0 0 0 700 698 700 699 700 699 699 699 700 698 700 699 699 700 700
0 0 0 0 0 0 0 0 0 0 0 0 0 0 0 0 0 0 0 0 0 0 0 0 698 698 699 700 700 699 698 700 699 699 699 698 700 699
0 0 0 0 0 0 0 0 0 0 0 0 0 0 0 0 0 0 0 0 0 0 0 0 0 699 699 698 700 700 699 698 699 700 699 698 698 699
0 0 0 0 0 0 0 0 0 0 0 0 0 0 0 0 0 0 0 0 0 0 0 0 0 0 700 699 699 698 700 700 699 699 700 699 699 698
0 0 0 0 0 0 0 0 0 0 0 0 0 0 0 0 0 0 0 0 0 0 0 0 0 0 0 700 699 699 699 700 699 698 700 698 698 699
0 0 0 0 0 0 0 0 0 0 0 0 0 0 0 0 0 0 0 0 0 0 0 0 0 0 0 0 699 700 699 698 699 700 698 700 699 699
0 0 0 0 0 0 0 0 0 0 0 0 0 0 0 0 0 0 0 0 0 0 0 0 0 0 0 0 0 700 699 698 700 699 700 699 699 700
0 0 0 0 0 0 0 0 0 0 0 0 0 0 0 0 0 0 0 0 0 0 0 0 0 0 0 0 0 0 700 700 700 699 698 698 700 700
0 0 0 0 0 0 0 0 0 0 0 0 0 0 0 0 0 0 0 0 0 0 0 0 0 0 0 0 0 0 0 700 698 698 699 699 699 698
0 0 0 0 0 0 0 0 0 0 0 0 0 0 0 0 0 0 0 0 0 0 0 0 0 0 0 0 0 0 0 0 700 699 698 699 700 700
0 0 0 0 0 0 0 0 0 0 0 0 0 0 0 0 0 0 0 0 0 0 0 0 0 0 0 0 0 0 0 0 0 700 699 700 700 700
0 0 0 0 0 0 0 0 0 0 0 0 0 0 0 0 0 0 0 0 0 0 0 0 0 0 0 0 0 0 0 0 0 0 700 698 699 699
0 0 0 0 0 0 0 0 0 0 0 0 0 0 0 0 0 0 0 0 0 0 0 0 0 0 0 0 0 0 0 0 0 0 0 699 700 699
0 0 0 0 0 0 0 0 0 0 0 0 0 0 0 0 0 0 0 0 0 0 0 0 0 0 0 0 0 0 0 0 0 0 0 0 698 699
0 0 0 0 0 0 0 0 0 0 0 0 0 0 0 0 0 0 0 0 0 0 0 0 0 0 0 0 0 0 0 0 0 0 0 0 0 699
0 0 0 0 0 0 0 0 0 0 0 0 0 0 0 0 0 0 0 0 0 0 0 0 0 0 0 0 0 0 0 0 0 0 0 0 0 0
