0 346 346 345 345 346 347 346 347 347 345 346 345 347 345 2 2 2 3 2 1 1 1 1 2 2 2 1
0 0 347 347 346 345 346 345 345 347 346 345 345 345 345 2 2 3 2 2 1 2 2 1 1 3 3 2
0 0 0 347 346 347 346 346 345 345 347 346 345 347 345 1 3 1 2 1 2 2 2 2 3 2 1 2
0 0 0 0 347 345 346 345 345 347 347 345 346 346 347 2 2 3 2 3 2 2 1 3 1 3 3 3
0 0 0 0 0 347 347 347 347 345 347 345 345 345 345 2 2 3 2 1 2 3 3 1 1 1 3 1
0 0 0 0 0 0 347 346 346 345 347 345 347 346 346 1 1 3 1 3 2 1 1 2 1 3 2 1
0 0 0 0 0 0 0 345 346 347 345 347 347 346 346 2 2 2 1 2 1 2 1 3 3 3 1 2
0 0 0 0 0 0 0 0 345 346 346 345 346 345 346 3 1 2 2 1 2 2 2 2 1 1 2 2
0 0 0 0 0 0 0 0 0 345 346 347 345 345 345 2 2 3 1 2 1 3 1 1 2 2 3 2
0 0 0 0 0 0 0 0 0 0 346 345 347 345 347 3 1 3 1 1 1 1 2 2 3 2 1 3
0 0 0 0 0 0 0 0 0 0 0 346 345 345 346 1 3 2 3 1 1 2 1 3 1 2 3 2
0 0 0 0 0 0 0 0 0 0 0 0 347 347 347 2 1 1 2 3 1 2 2 3 1 2 2 1
0 0 0 0 0 0 0 0 0 0 0 0 0 345 346 1 2 3 3 2 1 1 2 3 3 2 2 2
0 0 0 0 0 0 0 0 0 0 0 0 0 0 345 1 1 2 3 1 2 2 3 2 1 2 3 1
0 0 0 0 0 0 0 0 0 0 0 0 0 0 0 347 347 347 347 346 345 347 346 346 345 345 345 347
0 0 0 0 0 0 0 0 0 0 0 0 0 0 0 0 345 345 345 346 346 345 347 346 347 347 345 346
0 0 0 0 0 0 0 0 0 0 0 0 0 0 0 0 0 346 346 347 346 346 345 346 347 346 345 347
0 0 0 0 0 0 0 0 0 0 0 0 0 0 0 0 0 0 347 346 346 347 346 346 345 347 346 346
0 0 0 0 0 0 0 0 0 0 0 0 0 0 0 0 0 0 0 345 347 345 346 345 346 347 347 347
0 0 0 0 0 0 0 0 0 0 0 0 0 0 0 0 0 0 0 0 347 347 347 346 345 346 345 345
0 0 0 0 0 0 0 0 0 0 0 0 0 0 0 0 0 0 0 0 0 345 347 347 346 346 345 345
0 0 0 0 0 0 0 0 0 0 0 0 0 0 0 0 0 0 0 0 0 0 346 345 347 346 345 347
0 0 0 0 0 0 0 0 0 0 0 0 0 0 0 0 0 0 0 0 0 0 0 347 345 346 347 346
0 0 0 0 0 0 0 0 0 0 0 0 0 0 0 0 0 0 0 0 0 0 0 0 346 346 347 346
0 0 0 0 0 0 0 0 0 0 0 0 0 0 0 0 0 0 0 0 0 0 0 0 0 347 346 345
0 0 0 0 0 0 0 0 0 0 0 0 0 0 0 0 0 0 0 0 0 0 0 0 0 0 347 345
0 0 0 0 0 0 0 0 0 0 0 0 0 0 0 0 0 0 0 0 0 0 0 0 0 0 0 345
0 0 0 0 0 0 0 0 0 0 0 0 0 0 0 0 0 0 0 0 0 0 0 0 0 0 0 0
