0 573 573 573 572 571 571 572 571 573 571 571 573 573 573 573 571 573 3 1 2 2 1 2 2 2 1 1 2 1 1 3 2 1 1
0 0 573 572 572 573 573 573 572 572 572 571 573 572 571 571 573 572 2 3 3 3 2 2 3 2 2 1 1 3 1 2 2 3 2
0 0 0 572 573 573 573 572 571 573 573 571 571 572 572 571 571 572 1 3 1 3 1 3 2 1 2 2 3 1 3 1 1 3 1
0 0 0 0 572 571 573 572 573 572 572 571 573 571 571 572 573 573 1 1 2 2 1 3 3 3 3 1 1 3 3 2 3 2 2
0 0 0 0 0 572 572 571 571 572 572 573 573 572 571 573 572 573 3 3 1 1 2 1 2 3 3 1 3 2 3 1 1 3 1
0 0 0 0 0 0 572 573 571 571 572 571 573 571 572 571 572 571 2 2 1 1 3 3 2 1 1 3 1 1 3 3 1 3 1
0 0 0 0 0 0 0 573 573 573 571 572 572 573 571 571 573 572 1 2 3 3 2 1 1 3 2 2 3 2 3 3 1 3 3
0 0 0 0 0 0 0 0 572 571 572 573 573 573 573 573 573 571 1 2 1 2 1 3 3 1 1 2 1 2 1 1 3 2 2
0 0 0 0 0 0 0 0 0 573 573 572 572 571 573 572 571 573 3 2 1 1 3 1 1 1 2 2 2 3 1 3 1 1 3
0 0 0 0 0 0 0 0 0 0 571 571 572 571 573 572 571 573 3 2 3 3 1 3 1 3 2 3 3 1 1 2 3 3 2
0 0 0 0 0 0 0 0 0 0 0 573 572 571 572 573 573 571 3 2 3 2 1 1 3 1 3 2 1 1 3 2 1 1 1
0 0 0 0 0 0 0 0 0 0 0 0 573 573 571 572 573 572 1 1 3 3 3 3 1 2 2 2 1 1 1 3 2 1 3
0 0 0 0 0 0 0 0 0 0 0 0 0 572 572 573 573 571 3 2 2 2 2 2 3 2 1 2 3 3 2 1 3 1 3
0 0 0 0 0 0 0 0 0 0 0 0 0 0 571 571 572 572 1 3 3 2 3 3 2 3 3 3 3 1 2 2 2 1 1
0 0 0 0 0 0 0 0 0 0 0 0 0 0 0 573 571 573 3 3 2 2 2 3 1 2 3 2 1 3 1 1 2 1 1
0 0 0 0 0 0 0 0 0 0 0 0 0 0 0 0 571 572 2 3 1 2 3 2 1 2 3 2 1 2 3 3 2 2 1
0 0 0 0 0 0 0 0 0 0 0 0 0 0 0 0 0 571 1 1 2 2 3 3 2 1 1 1 2 1 3 2 1 1 1
0 0 0 0 0 0 0 0 0 0 0 0 0 0 0 0 0 0 571 573 572 571 573 573 573 571 573 573 571 573 571 572 571 573 573
0 0 0 0 0 0 0 0 0 0 0 0 0 0 0 0 0 0 0 571 572 572 573 572 572 572 572 573 572 571 573 573 572 572 572
0 0 0 0 0 0 0 0 0 0 0 0 0 0 0 0 0 0 0 0 571 573 573 572 572 571 572 572 571 571 573 571 571 571 573
0 0 0 0 0 0 0 0 0 0 0 0 0 0 0 0 0 0 0 0 0 571 571 572 572 573 573 571 572 572 571 572 571 572 573
0 0 0 0 0 0 0 0 0 0 0 0 0 0 0 0 0 0 0 0 0 0 571 571 571 572 571 571 573 572 571 572 571 573 571
0 0 0 0 0 0 0 0 0 0 0 0 0 0 0 0 0 0 0 0 0 0 0 572 572 573 572 571 572 572 573 573 571 573 572
0 0 0 0 0 0 0 0 0 0 0 0 0 0 0 0 0 0 0 0 0 0 0 0 573 573 571 572 572 573 571 571 573 571 571
0 0 0 0 0 0 0 0 0 0 0 0 0 0 0 0 0 0 0 0 0 0 0 0 0 572 572 573 571 571 573 573 573 572 573
0 0 0 0 0 0 0 0 0 0 0 0 0 0 0 0 0 0 0 0 0 0 0 0 0 0 573 573 571 573 572 572 572 571 573
0 0 0 0 0 0 0 0 0 0 0 0 0 0 0 0 0 0 0 0 0 0 0 0 0 0 0 572 573 571 571 572 572 572 573
0 0 0 0 0 0 0 0 0 0 0 0 0 0 0 0 0 0 0 0 0 0 0 0 0 0 0 0 573 572 571 573 571 572 572
0 0 0 0 0 0 0 0 0 0 0 0 0 0 0 0 0 0 0 0 0 0 0 0 0 0 0 0 0 571 571 571 572 571 571
0 0 0 0 0 0 0 0 0 0 0 0 0 0 0 0 0 0 0 0 0 0 0 0 0 0 0 0 0 0 573 572 572 572 571
0 0 0 0 0 0 0 0 0 0 0 0 0 0 0 0 0 0 0 0 0 0 0 0 0 0 0 0 0 0 0 573 571 573 573
0 0 0 0 0 0 0 0 0 0 0 0 0 0 0 0 0 0 0 0 0 0 0 0 0 0 0 0 0 0 0 0 572 573 571
0 0 0 0 0 0 0 0 0 0 0 0 0 0 0 0 0 0 0 0 0 0 0 0 0 0 0 0 0 0 0 0 0 571 572
0 0 0 0 0 0 0 0 0 0 0 0 0 0 0 0 0 0 0 0 0 0 0 0 0 0 0 0 0 0 0 0 0 0 571
0 0 0 0 0 0 0 0 0 0 0 0 0 0 0 0 0 0 0 0 0 0 0 0 0 0 0 0 0 0 0 0 0 0 0
