0 185 186 184 184 186 186 184 184 185 186 3 2 3 1 2 1 3 1 1
0 0 186 184 184 186 184 186 185 185 186 3 2 1 2 2 1 2 2 3
0 0 0 186 184 185 186 186 186 185 185 3 2 2 1 1 2 2 1 2
0 0 0 0 185 184 184 185 186 185 184 3 1 3 1 3 2 2 2 3
0 0 0 0 0 186 184 185 184 186 184 2 3 3 3 2 2 3 1 2
0 0 0 0 0 0 186 184 185 184 184 2 1 1 1 2 2 2 2 3
0 0 0 0 0 0 0 185 184 185 184 1 2 1 2 3 2 3 3 1
0 0 0 0 0 0 0 0 184 186 186 2 3 3 2 3 1 2 1 2
0 0 0 0 0 0 0 0 0 186 185 1 3 3 1 2 3 3 3 3
0 0 0 0 0 0 0 0 0 0 185 1 2 2 1 2 1 3 2 3
0 0 0 0 0 0 0 0 0 0 0 184 184 185 185 185 184 185 186 184
0 0 0 0 0 0 0 0 0 0 0 0 184 184 186 186 186 184 185 185
0 0 0 0 0 0 0 0 0 0 0 0 0 186 185 184 186 186 186 186
0 0 0 0 0 0 0 0 0 0 0 0 0 0 184 185 186 184 186 185
0 0 0 0 0 0 0 0 0 0 0 0 0 0 0 186 186 186 186 186
0 0 0 0 0 0 0 0 0 0 0 0 0 0 0 0 184 184 186 185
0 0 0 0 0 0 0 0 0 0 0 0 0 0 0 0 0 184 184 184
0 0 0 0 0 0 0 0 0 0 0 0 0 0 0 0 0 0 184 186
0 0 0 0 0 0 0 0 0 0 0 0 0 0 0 0 0 0 0 184
0 0 0 0 0 0 0 0 0 0 0 0 0 0 0 0 0 0 0 0
