0 968 969 968 968 969 967 969 967 967 967 967 967 969 968 967 969 967 967 969 967 968 969 3 1 3 1 2 1 1 1 3 3 1 3 2 3 1 2 1 3 3 1 3 3
0 0 967 969 967 969 967 967 968 967 969 967 967 969 967 968 969 969 968 967 968 967 968 2 1 1 1 2 2 3 2 3 3 1 1 3 3 1 1 2 3 2 3 3 3
0 0 0 969 969 967 968 969 968 968 969 968 967 967 967 969 968 969 968 969 969 968 969 1 2 1 1 2 1 2 3 2 2 1 1 3 3 1 2 3 2 2 2 3 1
0 0 0 0 967 968 967 967 967 968 969 969 967 968 969 968 967 967 968 969 969 968 968 2 2 1 1 1 1 2 3 3 3 3 3 3 3 3 1 1 2 3 1 2 3
0 0 0 0 0 969 969 968 967 967 969 968 967 967 967 968 969 967 967 967 968 968 969 3 3 1 1 1 3 1 3 2 2 3 3 3 3 1 1 1 2 2 2 3 2
0 0 0 0 0 0 967 967 967 969 968 968 969 968 968 969 968 969 969 968 968 968 969 1 1 1 1 2 2 2 1 2 3 3 3 3 2 1 1 3 2 3 3 2 2
0 0 0 0 0 0 0 969 968 967 969 967 968 967 968 969 969 969 968 968 969 969 967 3 1 1 1 1 1 2 2 2 3 3 1 2 1 1 3 2 2 2 1 1 3
0 0 0 0 0 0 0 0 967 969 967 967 969 967 969 968 968 967 968 968 967 967 969 3 3 3 3 1 3 2 3 2 3 1 3 1 1 1 1 2 1 3 1 2 3
0 0 0 0 0 0 0 0 0 968 968 968 968 969 967 969 967 969 969 967 969 969 967 1 2 3 1 3 1 3 1 2 1 1 1 1 2 2 1 1 2 3 3 2 1
0 0 0 0 0 0 0 0 0 0 969 967 969 969 969 969 969 967 967 969 968 969 968 1 2 3 1 3 2 3 1 2 1 2 1 3 2 3 3 1 2 3 2 1 3
0 0 0 0 0 0 0 0 0 0 0 968 969 969 969 968 969 969 967 967 967 968 967 2 1 3 2 3 1 1 1 1 3 2 3 1 1 1 3 1 2 1 2 2 1
0 0 0 0 0 0 0 0 0 0 0 0 969 967 969 968 967 969 968 969 967 968 967 2 1 3 3 2 1 1 1 3 3 3 2 3 3 1 1 2 2 3 1 3 3
0 0 0 0 0 0 0 0 0 0 0 0 0 969 969 968 967 967 968 967 968 969 969 2 3 2 2 3 2 1 2 1 3 1 2 2 3 3 3 3 1 1 3 3 2
0 0 0 0 0 0 0 0 0 0 0 0 0 0 968 968 967 969 967 969 969 967 969 1 3 1 1 2 1 3 2 2 2 2 3 2 3 2 3 2 3 3 2 3 3
0 0 0 0 0 0 0 0 0 0 0 0 0 0 0 969 969 968 968 969 968 967 968 1 2 2 2 1 3 3 3 1 3 3 3 2 2 1 2 3 1 2 2 1 3
0 0 0 0 0 0 0 0 0 0 0 0 0 0 0 0 967 969 967 969 967 969 968 3 2 1 1 2 1 3 1 3 2 3 1 3 2 3 1 3 1 3 3 1 2
0 0 0 0 0 0 0 0 0 0 0 0 0 0 0 0 0 967 969 969 969 969 969 1 3 2 3 2 3 3 2 3 2 3 1 3 1 1 1 2 2 1 1 3 1
0 0 0 0 0 0 0 0 0 0 0 0 0 0 0 0 0 0 969 968 969 967 967 1 1 3 2 3 3 2 1 2 2 2 1 2 2 3 2 2 3 1 2 2 1
0 0 0 0 0 0 0 0 0 0 0 0 0 0 0 0 0 0 0 969 968 969 969 2 2 3 3 1 2 3 1 3 1 3 3 2 1 1 1 1 1 1 3 3 2
0 0 0 0 0 0 0 0 0 0 0 0 0 0 0 0 0 0 0 0 967 969 969 2 2 3 2 2 3 1 1 3 2 2 3 3 2 3 3 3 3 1 1 2 2
0 0 0 0 0 0 0 0 0 0 0 0 0 0 0 0 0 0 0 0 0 968 969 2 2 1 2 2 2 2 1 1 3 2 1 3 1 1 2 1 3 1 2 1 1
0 0 0 0 0 0 0 0 0 0 0 0 0 0 0 0 0 0 0 0 0 0 968 2 2 1 2 2 2 1 1 2 2 3 1 1 1 1 3 2 3 3 3 1 2
0 0 0 0 0 0 0 0 0 0 0 0 0 0 0 0 0 0 0 0 0 0 0 967 968 969 968 967 969 967 968 969 969 967 968 969 968 968 969 967 968 969 969 967 969
0 0 0 0 0 0 0 0 0 0 0 0 0 0 0 0 0 0 0 0 0 0 0 0 968 968 969 968 969 967 969 967 967 969 967 967 969 968 967 967 968 967 969 969 969
0 0 0 0 0 0 0 0 0 0 0 0 0 0 0 0 0 0 0 0 0 0 0 0 0 967 969 968 969 967 968 967 969 968 969 969 967 968 969 967 969 968 967 969 969
0 0 0 0 0 0 0 0 0 0 0 0 0 0 0 0 0 0 0 0 0 0 0 0 0 0 968 969 968 968 968 969 967 968 969 969 969 967 968 969 967 968 967 969 969
0 0 0 0 0 0 0 0 0 0 0 0 0 0 0 0 0 0 0 0 0 0 0 0 0 0 0 969 968 968 968 967 967 967 968 968 969 967 967 969 969 967 968 967 968
0 0 0 0 0 0 0 0 0 0 0 0 0 0 0 0 0 0 0 0 0 0 0 0 0 0 0 0 969 967 968 967 969 969 969 969 969 969 969 969 968 968 969 968 967
0 0 0 0 0 0 0 0 0 0 0 0 0 0 0 0 0 0 0 0 0 0 0 0 0 0 0 0 0 967 967 967 968 968 968 967 968 968 969 968 969 967 967 968 969
0 0 0 0 0 0 0 0 0 0 0 0 0 0 0 0 0 0 0 0 0 0 0 0 0 0 0 0 0 0 967 968 968 968 968 969 969 969 967 967 967 969 968 968 968
0 0 0 0 0 0 0 0 0 0 0 0 0 0 0 0 0 0 0 0 0 0 0 0 0 0 0 0 0 0 0 968 968 969 969 968 967 969 968 968 967 968 967 967 967
0 0 0 0 0 0 0 0 0 0 0 0 0 0 0 0 0 0 0 0 0 0 0 0 0 0 0 0 0 0 0 0 967 969 968 967 969 968 967 967 969 968 968 967 968
0 0 0 0 0 0 0 0 0 0 0 0 0 0 0 0 0 0 0 0 0 0 0 0 0 0 0 0 0 0 0 0 0 968 967 967 968 967 967 967 967 967 967 967 967
0 0 0 0 0 0 0 0 0 0 0 0 0 0 0 0 0 0 0 0 0 0 0 0 0 0 0 0 0 0 0 0 0 0 969 967 969 969 967 969 969 969 968 969 968
0 0 0 0 0 0 0 0 0 0 0 0 0 0 0 0 0 0 0 0 0 0 0 0 0 0 0 0 0 0 0 0 0 0 0 969 968 969 969 967 967 968 968 968 967
0 0 0 0 0 0 0 0 0 0 0 0 0 0 0 0 0 0 0 0 0 0 0 0 0 0 0 0 0 0 0 0 0 0 0 0 968 968 967 967 969 968 969 969 967
0 0 0 0 0 0 0 0 0 0 0 0 0 0 0 0 0 0 0 0 0 0 0 0 0 0 0 0 0 0 0 0 0 0 0 0 0 967 968 967 967 967 967 968 967
0 0 0 0 0 0 0 0 0 0 0 0 0 0 0 0 0 0 0 0 0 0 0 0 0 0 0 0 0 0 0 0 0 0 0 0 0 0 969 968 968 968 967 968 969
0 0 0 0 0 0 0 0 0 0 0 0 0 0 0 0 0 0 0 0 0 0 0 0 0 0 0 0 0 0 0 0 0 0 0 0 0 0 0 968 969 968 968 969 967
0 0 0 0 0 0 0 0 0 0 0 0 0 0 0 0 0 0 0 0 0 0 0 0 0 0 0 0 0 0 0 0 0 0 0 0 0 0 0 0 968 969 969 969 968
0 0 0 0 0 0 0 0 0 0 0 0 0 0 0 0 0 0 0 0 0 0 0 0 0 0 0 0 0 0 0 0 0 0 0 0 0 0 0 0 0 969 968 968 968
0 0 0 0 0 0 0 0 0 0 0 0 0 0 0 0 0 0 0 0 0 0 0 0 0 0 0 0 0 0 0 0 0 0 0 0 0 0 0 0 0 0 968 969 969
0 0 0 0 0 0 0 0 0 0 0 0 0 0 0 0 0 0 0 0 0 0 0 0 0 0 0 0 0 0 0 0 0 0 0 0 0 0 0 0 0 0 0 968 969
0 0 0 0 0 0 0 0 0 0 0 0 0 0 0 0 0 0 0 0 0 0 0 0 0 0 0 0 0 0 0 0 0 0 0 0 0 0 0 0 0 0 0 0 969
0 0 0 0 0 0 0 0 0 0 0 0 0 0 0 0 0 0 0 0 0 0 0 0 0 0 0 0 0 0 0 0 0 0 0 0 0 0 0 0 0 0 0 0 0
