0 213 215 213 214 215 215 214 214 215 214 213 1 1 3 2 2 1 2 1 1 3
0 0 215 213 215 213 214 215 213 214 215 213 3 3 1 1 2 3 2 3 3 2
0 0 0 213 214 214 215 214 215 215 213 213 1 2 2 3 3 1 2 2 2 1
0 0 0 0 215 214 214 215 215 213 215 215 2 3 1 2 2 1 1 1 2 3
0 0 0 0 0 214 213 215 215 215 215 214 2 3 3 2 2 2 2 2 1 2
0 0 0 0 0 0 215 213 213 214 213 215 1 1 1 3 1 3 3 1 3 1
0 0 0 0 0 0 0 214 214 215 214 215 3 3 2 1 1 3 3 2 2 2
0 0 0 0 0 0 0 0 214 215 215 213 2 1 2 3 1 2 3 3 1 1
0 0 0 0 0 0 0 0 0 213 215 213 2 3 2 1 1 2 3 1 2 3
0 0 0 0 0 0 0 0 0 0 214 214 1 1 2 1 1 2 1 2 2 2
0 0 0 0 0 0 0 0 0 0 0 215 2 1 1 2 3 3 3 1 2 3
0 0 0 0 0 0 0 0 0 0 0 0 213 213 213 213 215 215 215 214 215 214
0 0 0 0 0 0 0 0 0 0 0 0 0 214 215 213 215 214 214 214 215 213
0 0 0 0 0 0 0 0 0 0 0 0 0 0 214 215 215 214 215 215 213 213
0 0 0 0 0 0 0 0 0 0 0 0 0 0 0 213 213 215 214 213 213 214
0 0 0 0 0 0 0 0 0 0 0 0 0 0 0 0 214 215 213 213 214 213
0 0 0 0 0 0 0 0 0 0 0 0 0 0 0 0 0 215 213 215 215 214
0 0 0 0 0 0 0 0 0 0 0 0 0 0 0 0 0 0 215 214 215 215
0 0 0 0 0 0 0 0 0 0 0 0 0 0 0 0 0 0 0 214 214 214
0 0 0 0 0 0 0 0 0 0 0 0 0 0 0 0 0 0 0 0 213 213
0 0 0 0 0 0 0 0 0 0 0 0 0 0 0 0 0 0 0 0 0 215
0 0 0 0 0 0 0 0 0 0 0 0 0 0 0 0 0 0 0 0 0 0
