0 869 870 871 871 869 870 870 869 869 870 870 871 870 869 869 870 870 869 869 869 871 3 2 3 3 3 2 1 2 3 1 3 1 3 1 3 3 1 2 3 1 1
0 0 869 870 870 870 870 869 869 871 870 871 871 870 869 870 871 871 870 871 870 869 3 2 1 2 1 3 1 1 3 3 3 3 2 3 1 3 2 1 3 2 2
0 0 0 870 871 870 870 870 869 870 870 870 871 871 871 870 869 869 871 869 870 870 3 3 1 2 1 1 1 1 2 1 2 3 2 1 1 3 1 2 3 3 1
0 0 0 0 869 869 870 870 871 870 869 870 870 870 871 871 869 870 871 870 869 871 1 1 3 1 1 2 2 1 2 1 1 3 3 3 2 1 1 1 2 3 1
0 0 0 0 0 869 871 870 871 870 870 871 869 869 869 871 870 871 871 869 870 870 2 3 1 1 1 2 3 1 1 2 3 2 2 3 2 1 1 1 3 3 1
0 0 0 0 0 0 869 869 870 871 871 869 871 871 869 870 871 871 870 870 871 869 3 3 2 3 3 2 2 3 1 2 2 1 1 3 2 2 1 3 3 2 3
0 0 0 0 0 0 0 871 871 870 871 869 870 871 870 871 870 869 870 869 871 869 1 2 1 2 2 3 3 3 3 1 3 1 3 2 3 3 1 2 1 2 2
0 0 0 0 0 0 0 0 870 870 869 871 870 870 869 869 870 871 869 870 871 871 1 1 2 2 1 1 1 2 1 1 3 1 1 2 1 2 2 2 2 2 3
0 0 0 0 0 0 0 0 0 869 871 870 869 870 871 871 871 871 869 870 869 871 2 2 2 3 2 1 2 3 3 2 3 1 2 1 2 2 3 1 3 3 2
0 0 0 0 0 0 0 0 0 0 869 870 869 869 870 870 870 870 869 869 871 869 2 3 3 1 2 3 3 2 3 3 2 3 2 3 2 3 3 3 3 3 3
0 0 0 0 0 0 0 0 0 0 0 870 871 871 871 869 869 869 871 871 870 871 1 2 1 3 3 2 2 3 3 1 2 3 2 3 2 3 2 3 1 2 2
0 0 0 0 0 0 0 0 0 0 0 0 870 870 871 871 869 870 871 871 869 869 1 2 1 1 3 2 3 2 1 2 1 3 2 1 2 2 1 2 2 1 2
0 0 0 0 0 0 0 0 0 0 0 0 0 870 869 871 869 870 870 869 870 869 1 3 3 1 1 3 1 1 1 3 2 1 2 1 1 1 2 1 1 3 2
0 0 0 0 0 0 0 0 0 0 0 0 0 0 871 870 870 871 871 869 869 871 2 3 2 3 3 2 3 1 1 1 3 2 3 1 3 1 1 2 2 2 1
0 0 0 0 0 0 0 0 0 0 0 0 0 0 0 870 869 870 870 869 870 871 1 2 2 3 1 1 2 2 3 2 2 2 3 2 3 2 1 2 2 1 3
0 0 0 0 0 0 0 0 0 0 0 0 0 0 0 0 871 871 871 870 869 869 3 2 3 3 2 1 1 1 2 2 2 1 1 2 1 1 1 2 2 2 3
0 0 0 0 0 0 0 0 0 0 0 0 0 0 0 0 0 870 870 871 869 871 2 2 1 1 1 2 3 3 3 1 1 2 1 1 3 2 3 3 1 1 2
0 0 0 0 0 0 0 0 0 0 0 0 0 0 0 0 0 0 871 869 870 871 1 1 1 1 3 1 3 1 1 3 3 3 1 1 1 3 3 2 2 2 1
0 0 0 0 0 0 0 0 0 0 0 0 0 0 0 0 0 0 0 870 871 870 2 1 1 3 3 1 2 3 1 3 2 2 1 1 2 1 3 2 2 1 3
0 0 0 0 0 0 0 0 0 0 0 0 0 0 0 0 0 0 0 0 870 870 3 2 1 3 1 1 3 2 1 2 2 3 1 3 1 3 2 3 3 1 1
0 0 0 0 0 0 0 0 0 0 0 0 0 0 0 0 0 0 0 0 0 869 3 1 2 1 1 3 3 3 1 1 3 2 2 2 3 3 1 3 1 2 1
0 0 0 0 0 0 0 0 0 0 0 0 0 0 0 0 0 0 0 0 0 0 869 870 871 871 869 871 869 871 871 871 870 870 871 870 870 871 871 869 869 870 869
0 0 0 0 0 0 0 0 0 0 0 0 0 0 0 0 0 0 0 0 0 0 0 871 871 869 869 871 869 871 871 870 871 871 869 870 870 870 871 870 869 869 869
0 0 0 0 0 0 0 0 0 0 0 0 0 0 0 0 0 0 0 0 0 0 0 0 871 869 869 870 869 869 869 869 870 869 869 869 869 869 870 871 870 870 869
0 0 0 0 0 0 0 0 0 0 0 0 0 0 0 0 0 0 0 0 0 0 0 0 0 870 870 869 870 871 870 870 869 869 869 871 869 869 869 869 870 870 870
0 0 0 0 0 0 0 0 0 0 0 0 0 0 0 0 0 0 0 0 0 0 0 0 0 0 871 869 871 869 870 869 869 870 871 871 870 869 870 870 871 871 870
0 0 0 0 0 0 0 0 0 0 0 0 0 0 0 0 0 0 0 0 0 0 0 0 0 0 0 870 871 870 870 871 871 871 869 869 870 869 869 869 869 871 871
0 0 0 0 0 0 0 0 0 0 0 0 0 0 0 0 0 0 0 0 0 0 0 0 0 0 0 0 870 871 870 870 870 869 871 869 869 871 871 871 871 870 870
0 0 0 0 0 0 0 0 0 0 0 0 0 0 0 0 0 0 0 0 0 0 0 0 0 0 0 0 0 869 869 870 870 871 869 869 869 870 869 869 869 870 869
0 0 0 0 0 0 0 0 0 0 0 0 0 0 0 0 0 0 0 0 0 0 0 0 0 0 0 0 0 0 869 871 871 871 870 869 871 870 870 869 870 871 869
0 0 0 0 0 0 0 0 0 0 0 0 0 0 0 0 0 0 0 0 0 0 0 0 0 0 0 0 0 0 0 869 869 869 869 869 870 871 871 869 870 870 871
0 0 0 0 0 0 0 0 0 0 0 0 0 0 0 0 0 0 0 0 0 0 0 0 0 0 0 0 0 0 0 0 871 869 870 869 869 869 871 870 869 869 871
0 0 0 0 0 0 0 0 0 0 0 0 0 0 0 0 0 0 0 0 0 0 0 0 0 0 0 0 0 0 0 0 0 871 871 869 869 871 871 870 869 869 871
0 0 0 0 0 0 0 0 0 0 0 0 0 0 0 0 0 0 0 0 0 0 0 0 0 0 0 0 0 0 0 0 0 0 871 871 871 869 869 871 871 870 869
0 0 0 0 0 0 0 0 0 0 0 0 0 0 0 0 0 0 0 0 0 0 0 0 0 0 0 0 0 0 0 0 0 0 0 869 869 869 871 871 871 869 869
0 0 0 0 0 0 0 0 0 0 0 0 0 0 0 0 0 0 0 0 0 0 0 0 0 0 0 0 0 0 0 0 0 0 0 0 869 871 870 870 871 869 869
0 0 0 0 0 0 0 0 0 0 0 0 0 0 0 0 0 0 0 0 0 0 0 0 0 0 0 0 0 0 0 0 0 0 0 0 0 869 869 871 870 869 871
0 0 0 0 0 0 0 0 0 0 0 0 0 0 0 0 0 0 0 0 0 0 0 0 0 0 0 0 0 0 0 0 0 0 0 0 0 0 870 870 869 869 871
0 0 0 0 0 0 0 0 0 0 0 0 0 0 0 0 0 0 0 0 0 0 0 0 0 0 0 0 0 0 0 0 0 0 0 0 0 0 0 869 870 871 869
0 0 0 0 0 0 0 0 0 0 0 0 0 0 0 0 0 0 0 0 0 0 0 0 0 0 0 0 0 0 0 0 0 0 0 0 0 0 0 0 870 869 871
0 0 0 0 0 0 0 0 0 0 0 0 0 0 0 0 0 0 0 0 0 0 0 0 0 0 0 0 0 0 0 0 0 0 0 0 0 0 0 0 0 869 871
0 0 0 0 0 0 0 0 0 0 0 0 0 0 0 0 0 0 0 0 0 0 0 0 0 0 0 0 0 0 0 0 0 0 0 0 0 0 0 0 0 0 871
0 0 0 0 0 0 0 0 0 0 0 0 0 0 0 0 0 0 0 0 0 0 0 0 0 0 0 0 0 0 0 0 0 0 0 0 0 0 0 0 0 0 0
