0 255 257 257 256 256 257 257 255 256 256 255 257 3 3 2 3 3 1 3 1 1 1 1
0 0 257 256 255 257 255 256 255 255 256 257 256 3 1 2 3 1 3 2 1 2 2 1
0 0 0 257 255 255 255 257 255 255 257 255 257 3 2 1 2 3 1 3 3 3 1 1
0 0 0 0 256 257 257 255 255 256 257 255 257 3 1 2 3 2 1 2 2 2 2 2
0 0 0 0 0 257 257 255 257 256 257 255 256 3 1 1 3 3 2 3 3 2 3 2
0 0 0 0 0 0 257 257 256 257 257 255 255 2 1 1 2 1 1 3 2 1 2 3
0 0 0 0 0 0 0 257 256 256 256 257 255 3 1 1 2 1 1 1 2 3 3 3
0 0 0 0 0 0 0 0 256 257 255 255 255 1 2 1 2 1 1 1 3 1 2 2
0 0 0 0 0 0 0 0 0 256 256 256 255 2 3 1 3 3 1 2 3 1 2 1
0 0 0 0 0 0 0 0 0 0 257 256 257 3 1 3 2 2 2 2 2 1 1 2
0 0 0 0 0 0 0 0 0 0 0 256 257 3 3 2 1 3 1 2 1 1 2 1
0 0 0 0 0 0 0 0 0 0 0 0 257 2 3 2 1 2 2 1 1 3 3 1
0 0 0 0 0 0 0 0 0 0 0 0 0 257 255 256 256 257 256 255 257 256 255 257
0 0 0 0 0 0 0 0 0 0 0 0 0 0 256 257 255 256 255 256 255 257 256 257
0 0 0 0 0 0 0 0 0 0 0 0 0 0 0 255 256 255 256 257 255 257 255 255
0 0 0 0 0 0 0 0 0 0 0 0 0 0 0 0 257 255 256 255 255 255 257 257
0 0 0 0 0 0 0 0 0 0 0 0 0 0 0 0 0 255 256 255 257 256 255 256
0 0 0 0 0 0 0 0 0 0 0 0 0 0 0 0 0 0 257 256 255 256 257 257
0 0 0 0 0 0 0 0 0 0 0 0 0 0 0 0 0 0 0 256 257 256 255 256
0 0 0 0 0 0 0 0 0 0 0 0 0 0 0 0 0 0 0 0 257 255 255 257
0 0 0 0 0 0 0 0 0 0 0 0 0 0 0 0 0 0 0 0 0 256 256 257
0 0 0 0 0 0 0 0 0 0 0 0 0 0 0 0 0 0 0 0 0 0 255 255
0 0 0 0 0 0 0 0 0 0 0 0 0 0 0 0 0 0 0 0 0 0 0 256
0 0 0 0 0 0 0 0 0 0 0 0 0 0 0 0 0 0 0 0 0 0 0 0
