0 758 757 757 756 758 758 757 756 756 757 757 757 758 758 758 758 757 756 758 756 3 2 1 1 2 1 1 2 2 2 3 1 3 1 2 2 1 3 1
0 0 758 758 757 757 758 758 758 758 757 758 758 757 756 757 757 756 756 757 756 3 1 2 3 2 1 2 3 2 2 3 3 2 3 3 3 1 3 1
0 0 0 757 756 757 757 757 756 757 756 758 756 756 756 758 756 758 756 756 758 2 1 1 3 2 2 3 2 1 1 1 2 2 2 3 1 2 2 3
0 0 0 0 758 757 756 756 757 757 757 757 758 756 756 756 758 758 758 756 757 3 3 3 2 2 1 3 3 2 2 1 2 1 2 1 1 3 2 2
0 0 0 0 0 758 756 757 756 757 756 757 756 757 756 758 756 756 756 757 756 3 2 3 3 1 3 2 3 2 1 2 3 2 1 2 1 2 2 3
0 0 0 0 0 0 756 756 756 758 757 757 758 758 758 757 756 758 757 757 757 3 2 3 2 2 1 1 2 1 3 2 1 3 2 1 2 1 1 1
0 0 0 0 0 0 0 756 757 758 758 758 758 757 757 756 758 758 756 756 758 3 2 1 1 1 2 3 2 3 1 2 2 2 3 1 3 3 1 3
0 0 0 0 0 0 0 0 756 758 758 758 758 757 757 758 756 756 756 757 757 1 2 1 1 2 3 1 1 2 1 1 2 1 1 1 3 2 3 1
0 0 0 0 0 0 0 0 0 757 756 758 757 757 756 758 757 758 757 757 757 2 1 2 2 2 2 2 2 3 2 3 3 1 2 2 3 2 3 1
0 0 0 0 0 0 0 0 0 0 757 758 758 758 756 757 757 758 756 757 757 2 1 1 2 2 2 2 2 1 1 1 3 3 1 3 3 2 3 3
0 0 0 0 0 0 0 0 0 0 0 756 758 757 758 758 757 756 757 757 757 2 3 3 2 1 2 2 1 3 1 3 1 3 1 1 1 3 1 3
0 0 0 0 0 0 0 0 0 0 0 0 757 756 757 756 756 757 758 757 756 1 1 3 3 2 1 2 2 1 3 2 2 3 1 3 1 1 3 3
0 0 0 0 0 0 0 0 0 0 0 0 0 757 756 757 756 757 758 758 758 3 3 3 2 2 2 1 1 2 3 2 1 3 3 3 2 3 2 1
0 0 0 0 0 0 0 0 0 0 0 0 0 0 756 758 758 757 756 758 757 2 1 3 1 2 2 2 2 1 1 1 3 3 1 3 1 1 2 3
0 0 0 0 0 0 0 0 0 0 0 0 0 0 0 757 757 758 756 758 756 2 1 1 1 3 3 2 3 2 3 1 3 3 2 1 1 3 1 2
0 0 0 0 0 0 0 0 0 0 0 0 0 0 0 0 757 758 758 756 758 1 3 1 3 1 3 2 3 3 3 3 2 2 3 1 1 1 2 3
0 0 0 0 0 0 0 0 0 0 0 0 0 0 0 0 0 757 756 758 758 3 2 1 3 3 3 1 2 1 2 3 3 1 3 2 1 3 1 2
0 0 0 0 0 0 0 0 0 0 0 0 0 0 0 0 0 0 758 757 756 1 2 2 3 2 3 3 2 2 3 2 2 1 3 1 2 1 1 1
0 0 0 0 0 0 0 0 0 0 0 0 0 0 0 0 0 0 0 758 756 1 1 3 2 2 2 1 3 3 2 1 2 2 3 3 2 2 2 2
0 0 0 0 0 0 0 0 0 0 0 0 0 0 0 0 0 0 0 0 756 2 3 1 1 3 2 2 3 2 1 1 2 1 1 2 3 1 1 3
0 0 0 0 0 0 0 0 0 0 0 0 0 0 0 0 0 0 0 0 0 758 758 758 756 756 757 756 758 758 758 757 756 756 757 758 757 758 758 756
0 0 0 0 0 0 0 0 0 0 0 0 0 0 0 0 0 0 0 0 0 0 756 757 758 756 758 756 757 756 756 758 756 757 756 758 756 758 758 758
0 0 0 0 0 0 0 0 0 0 0 0 0 0 0 0 0 0 0 0 0 0 0 756 758 757 756 758 758 757 757 757 756 756 756 756 758 757 758 758
0 0 0 0 0 0 0 0 0 0 0 0 0 0 0 0 0 0 0 0 0 0 0 0 758 758 757 756 758 757 757 756 758 758 756 756 756 756 757 758
0 0 0 0 0 0 0 0 0 0 0 0 0 0 0 0 0 0 0 0 0 0 0 0 0 757 757 758 758 758 757 756 757 756 758 757 758 758 757 756
0 0 0 0 0 0 0 0 0 0 0 0 0 0 0 0 0 0 0 0 0 0 0 0 0 0 756 757 758 756 756 756 758 757 757 758 756 758 758 757
0 0 0 0 0 0 0 0 0 0 0 0 0 0 0 0 0 0 0 0 0 0 0 0 0 0 0 757 756 756 757 757 758 756 757 758 756 756 757 756
0 0 0 0 0 0 0 0 0 0 0 0 0 0 0 0 0 0 0 0 0 0 0 0 0 0 0 0 758 756 758 757 756 757 758 756 757 756 758 756
0 0 0 0 0 0 0 0 0 0 0 0 0 0 0 0 0 0 0 0 0 0 0 0 0 0 0 0 0 757 758 756 757 758 757 758 757 756 758 757
0 0 0 0 0 0 0 0 0 0 0 0 0 0 0 0 0 0 0 0 0 0 0 0 0 0 0 0 0 0 756 757 757 758 758 757 757 758 756 758
0 0 0 0 0 0 0 0 0 0 0 0 0 0 0 0 0 0 0 0 0 0 0 0 0 0 0 0 0 0 0 756 758 756 757 756 758 757 756 756
0 0 0 0 0 0 0 0 0 0 0 0 0 0 0 0 0 0 0 0 0 0 0 0 0 0 0 0 0 0 0 0 758 758 757 756 758 758 756 756
0 0 0 0 0 0 0 0 0 0 0 0 0 0 0 0 0 0 0 0 0 0 0 0 0 0 0 0 0 0 0 0 0 758 757 757 756 756 756 758
0 0 0 0 0 0 0 0 0 0 0 0 0 0 0 0 0 0 0 0 0 0 0 0 0 0 0 0 0 0 0 0 0 0 758 756 758 757 758 757
0 0 0 0 0 0 0 0 0 0 0 0 0 0 0 0 0 0 0 0 0 0 0 0 0 0 0 0 0 0 0 0 0 0 0 756 757 757 757 757
0 0 0 0 0 0 0 0 0 0 0 0 0 0 0 0 0 0 0 0 0 0 0 0 0 0 0 0 0 0 0 0 0 0 0 0 758 758 756 758
0 0 0 0 0 0 0 0 0 0 0 0 0 0 0 0 0 0 0 0 0 0 0 0 0 0 0 0 0 0 0 0 0 0 0 0 0 758 756 756
0 0 0 0 0 0 0 0 0 0 0 0 0 0 0 0 0 0 0 0 0 0 0 0 0 0 0 0 0 0 0 0 0 0 0 0 0 0 758 756
0 0 0 0 0 0 0 0 0 0 0 0 0 0 0 0 0 0 0 0 0 0 0 0 0 0 0 0 0 0 0 0 0 0 0 0 0 0 0 757
0 0 0 0 0 0 0 0 0 0 0 0 0 0 0 0 0 0 0 0 0 0 0 0 0 0 0 0 0 0 0 0 0 0 0 0 0 0 0 0
