0 727 728 728 726 727 727 726 726 727 726 726 728 726 728 726 726 728 727 727 2 1 3 2 3 2 2 2 1 1 2 2 3 3 3 3 2 1 3
0 0 726 726 728 728 727 728 728 726 727 727 726 727 727 728 726 726 726 726 2 1 3 1 2 3 1 1 1 1 3 3 3 3 3 2 1 2 1
0 0 0 727 728 727 728 728 726 726 727 726 726 727 728 728 728 728 727 728 2 1 1 2 1 2 3 3 3 2 1 2 3 1 2 2 2 2 3
0 0 0 0 728 728 728 727 727 728 726 728 727 726 728 728 726 726 728 728 1 3 2 2 2 2 1 1 3 3 3 2 2 2 1 3 2 2 3
0 0 0 0 0 728 726 727 726 726 726 727 728 728 727 728 727 727 727 727 3 3 3 3 1 2 3 2 1 3 1 1 2 3 1 1 2 3 2
0 0 0 0 0 0 728 728 728 726 726 727 728 726 726 726 726 727 726 727 2 1 3 1 1 1 1 3 2 1 2 2 3 3 3 2 1 2 1
0 0 0 0 0 0 0 727 726 726 728 726 726 727 726 727 728 728 727 726 1 3 2 3 1 2 2 2 2 2 1 1 3 3 3 3 2 1 2
0 0 0 0 0 0 0 0 727 728 728 728 726 728 728 726 728 726 728 727 2 3 1 2 1 2 2 2 2 1 2 2 1 2 2 2 3 3 2
0 0 0 0 0 0 0 0 0 727 728 728 727 728 726 728 727 726 726 726 3 3 2 2 3 2 2 1 3 2 3 1 2 2 2 3 1 1 1
0 0 0 0 0 0 0 0 0 0 728 728 727 727 728 727 727 726 727 728 2 2 2 1 1 1 3 1 1 2 2 1 1 1 1 2 3 1 2
0 0 0 0 0 0 0 0 0 0 0 726 727 726 726 727 728 727 726 727 1 1 3 1 3 3 2 1 1 3 2 2 1 2 2 2 3 1 2
0 0 0 0 0 0 0 0 0 0 0 0 728 728 726 727 727 726 728 728 1 2 3 1 1 2 1 2 3 3 1 1 3 3 3 1 1 2 1
0 0 0 0 0 0 0 0 0 0 0 0 0 728 728 726 728 726 726 727 3 2 3 3 3 1 2 3 1 3 3 3 1 1 2 3 3 1 3
0 0 0 0 0 0 0 0 0 0 0 0 0 0 726 726 728 727 728 727 2 3 2 2 2 2 3 3 3 3 2 1 1 3 2 1 1 2 2
0 0 0 0 0 0 0 0 0 0 0 0 0 0 0 727 726 727 727 726 1 1 2 3 1 2 3 1 3 3 1 3 3 3 2 3 2 2 3
0 0 0 0 0 0 0 0 0 0 0 0 0 0 0 0 727 727 726 726 1 2 3 2 3 3 3 2 2 3 3 1 1 2 2 1 3 1 3
0 0 0 0 0 0 0 0 0 0 0 0 0 0 0 0 0 726 726 726 2 3 3 1 3 3 2 3 2 2 3 1 3 3 1 1 1 1 2
0 0 0 0 0 0 0 0 0 0 0 0 0 0 0 0 0 0 728 727 3 3 1 3 2 2 1 3 3 2 2 2 2 3 2 3 1 2 1
0 0 0 0 0 0 0 0 0 0 0 0 0 0 0 0 0 0 0 727 1 3 2 1 1 3 2 2 3 1 1 1 1 1 2 1 1 1 3
0 0 0 0 0 0 0 0 0 0 0 0 0 0 0 0 0 0 0 0 727 726 728 726 726 727 728 727 727 726 726 726 728 726 727 726 728 726 728
0 0 0 0 0 0 0 0 0 0 0 0 0 0 0 0 0 0 0 0 0 726 728 728 726 726 728 726 728 727 727 728 728 726 727 726 727 728 728
0 0 0 0 0 0 0 0 0 0 0 0 0 0 0 0 0 0 0 0 0 0 726 728 726 728 727 726 727 726 726 728 726 728 726 727 728 726 727
0 0 0 0 0 0 0 0 0 0 0 0 0 0 0 0 0 0 0 0 0 0 0 727 728 726 727 727 728 727 726 728 727 726 728 728 727 727 727
0 0 0 0 0 0 0 0 0 0 0 0 0 0 0 0 0 0 0 0 0 0 0 0 726 728 727 727 727 726 727 728 726 728 727 728 728 727 727
0 0 0 0 0 0 0 0 0 0 0 0 0 0 0 0 0 0 0 0 0 0 0 0 0 726 726 726 728 728 728 726 728 726 727 728 728 727 726
0 0 0 0 0 0 0 0 0 0 0 0 0 0 0 0 0 0 0 0 0 0 0 0 0 0 726 726 726 727 726 728 727 727 727 728 726 726 726
0 0 0 0 0 0 0 0 0 0 0 0 0 0 0 0 0 0 0 0 0 0 0 0 0 0 0 727 728 726 728 726 727 726 726 728 727 728 728
0 0 0 0 0 0 0 0 0 0 0 0 0 0 0 0 0 0 0 0 0 0 0 0 0 0 0 0 728 728 726 726 728 728 727 726 727 728 727
0 0 0 0 0 0 0 0 0 0 0 0 0 0 0 0 0 0 0 0 0 0 0 0 0 0 0 0 0 726 726 728 727 728 728 727 726 727 727
0 0 0 0 0 0 0 0 0 0 0 0 0 0 0 0 0 0 0 0 0 0 0 0 0 0 0 0 0 0 727 728 728 728 728 727 726 726 726
0 0 0 0 0 0 0 0 0 0 0 0 0 0 0 0 0 0 0 0 0 0 0 0 0 0 0 0 0 0 0 727 728 727 728 727 726 727 726
0 0 0 0 0 0 0 0 0 0 0 0 0 0 0 0 0 0 0 0 0 0 0 0 0 0 0 0 0 0 0 0 727 726 727 726 728 727 727
0 0 0 0 0 0 0 0 0 0 0 0 0 0 0 0 0 0 0 0 0 0 0 0 0 0 0 0 0 0 0 0 0 728 727 727 728 727 726
0 0 0 0 0 0 0 0 0 0 0 0 0 0 0 0 0 0 0 0 0 0 0 0 0 0 0 0 0 0 0 0 0 0 726 726 727 727 726
0 0 0 0 0 0 0 0 0 0 0 0 0 0 0 0 0 0 0 0 0 0 0 0 0 0 0 0 0 0 0 0 0 0 0 728 726 727 726
0 0 0 0 0 0 0 0 0 0 0 0 0 0 0 0 0 0 0 0 0 0 0 0 0 0 0 0 0 0 0 0 0 0 0 0 726 727 728
0 0 0 0 0 0 0 0 0 0 0 0 0 0 0 0 0 0 0 0 0 0 0 0 0 0 0 0 0 0 0 0 0 0 0 0 0 726 727
0 0 0 0 0 0 0 0 0 0 0 0 0 0 0 0 0 0 0 0 0 0 0 0 0 0 0 0 0 0 0 0 0 0 0 0 0 0 728
0 0 0 0 0 0 0 0 0 0 0 0 0 0 0 0 0 0 0 0 0 0 0 0 0 0 0 0 0 0 0 0 0 0 0 0 0 0 0
