0 637 638 638 636 638 636 638 637 638 637 636 637 636 636 636 638 637 638 2 1 3 3 2 1 1 3 2 1 3 3 2 3 3 1 3 3
0 0 637 637 637 636 636 637 637 638 638 637 638 637 638 638 636 638 637 2 3 3 3 2 2 1 3 1 3 2 2 1 2 1 2 2 2
0 0 0 636 636 636 636 636 637 637 638 638 636 637 637 638 636 636 637 1 1 2 3 1 2 1 1 1 3 3 2 1 2 3 2 2 3
0 0 0 0 638 638 637 638 637 638 637 638 636 637 636 638 637 637 636 3 2 3 1 2 2 1 2 2 1 1 2 2 3 2 1 1 3
0 0 0 0 0 637 636 638 636 637 636 638 637 636 638 636 636 636 638 1 3 3 1 3 2 2 2 1 2 2 1 3 2 3 2 2 3
0 0 0 0 0 0 636 638 636 638 638 638 638 637 636 636 636 638 637 3 1 2 1 3 3 1 1 1 3 1 3 1 3 1 3 1 3
0 0 0 0 0 0 0 636 638 636 638 636 636 636 636 636 636 636 637 1 3 2 2 3 1 1 2 3 1 2 2 2 1 1 2 2 3
0 0 0 0 0 0 0 0 636 636 637 637 638 636 637 637 638 638 637 1 1 3 3 3 2 2 3 1 1 2 2 3 3 1 3 1 3
0 0 0 0 0 0 0 0 0 636 636 637 638 637 638 636 638 638 638 2 2 2 2 3 1 3 3 3 2 1 3 3 3 2 1 3 1
0 0 0 0 0 0 0 0 0 0 638 637 637 636 636 638 636 636 638 3 1 1 1 3 3 3 3 1 2 2 2 1 2 1 2 1 3
0 0 0 0 0 0 0 0 0 0 0 638 638 636 636 638 638 637 636 2 3 1 3 1 3 3 3 2 2 2 2 3 2 1 1 3 3
0 0 0 0 0 0 0 0 0 0 0 0 636 638 637 637 637 636 637 2 1 2 2 2 3 1 1 2 1 1 2 3 1 2 2 3 3
0 0 0 0 0 0 0 0 0 0 0 0 0 638 637 638 637 637 636 1 1 3 1 1 1 2 2 2 2 2 1 2 1 3 1 3 3
0 0 0 0 0 0 0 0 0 0 0 0 0 0 638 636 637 637 636 2 1 2 1 3 3 1 2 3 1 2 1 1 2 3 2 1 3
0 0 0 0 0 0 0 0 0 0 0 0 0 0 0 637 638 636 637 1 1 3 2 1 1 2 2 3 2 2 1 3 3 1 3 1 2
0 0 0 0 0 0 0 0 0 0 0 0 0 0 0 0 636 637 636 1 3 2 3 3 3 1 1 3 1 2 1 1 1 1 3 1 3
0 0 0 0 0 0 0 0 0 0 0 0 0 0 0 0 0 636 638 3 3 1 1 3 1 1 3 3 2 1 2 1 1 1 1 1 1
0 0 0 0 0 0 0 0 0 0 0 0 0 0 0 0 0 0 637 2 1 1 1 1 3 1 1 3 2 1 2 3 3 3 2 1 2
0 0 0 0 0 0 0 0 0 0 0 0 0 0 0 0 0 0 0 636 638 638 638 636 638 636 638 636 637 636 636 636 636 637 636 637 637
0 0 0 0 0 0 0 0 0 0 0 0 0 0 0 0 0 0 0 0 637 638 638 637 638 637 636 637 638 637 638 638 636 637 636 638 638
0 0 0 0 0 0 0 0 0 0 0 0 0 0 0 0 0 0 0 0 0 638 638 637 637 636 638 636 636 638 636 636 637 636 638 638 636
0 0 0 0 0 0 0 0 0 0 0 0 0 0 0 0 0 0 0 0 0 0 637 637 636 638 637 638 636 638 637 636 637 636 636 637 638
0 0 0 0 0 0 0 0 0 0 0 0 0 0 0 0 0 0 0 0 0 0 0 638 637 636 638 636 638 636 636 636 637 637 636 637 638
0 0 0 0 0 0 0 0 0 0 0 0 0 0 0 0 0 0 0 0 0 0 0 0 636 637 638 638 638 637 638 636 638 637 638 638 638
0 0 0 0 0 0 0 0 0 0 0 0 0 0 0 0 0 0 0 0 0 0 0 0 0 638 636 637 636 638 637 636 637 638 638 638 637
0 0 0 0 0 0 0 0 0 0 0 0 0 0 0 0 0 0 0 0 0 0 0 0 0 0 636 637 637 638 637 638 638 638 638 636 637
0 0 0 0 0 0 0 0 0 0 0 0 0 0 0 0 0 0 0 0 0 0 0 0 0 0 0 638 636 637 638 636 638 637 637 636 637
0 0 0 0 0 0 0 0 0 0 0 0 0 0 0 0 0 0 0 0 0 0 0 0 0 0 0 0 636 636 636 637 636 638 637 637 637
0 0 0 0 0 0 0 0 0 0 0 0 0 0 0 0 0 0 0 0 0 0 0 0 0 0 0 0 0 636 638 638 637 638 636 637 636
0 0 0 0 0 0 0 0 0 0 0 0 0 0 0 0 0 0 0 0 0 0 0 0 0 0 0 0 0 0 637 638 638 636 638 637 638
0 0 0 0 0 0 0 0 0 0 0 0 0 0 0 0 0 0 0 0 0 0 0 0 0 0 0 0 0 0 0 638 636 637 637 638 637
0 0 0 0 0 0 0 0 0 0 0 0 0 0 0 0 0 0 0 0 0 0 0 0 0 0 0 0 0 0 0 0 637 637 637 636 638
0 0 0 0 0 0 0 0 0 0 0 0 0 0 0 0 0 0 0 0 0 0 0 0 0 0 0 0 0 0 0 0 0 636 636 637 637
0 0 0 0 0 0 0 0 0 0 0 0 0 0 0 0 0 0 0 0 0 0 0 0 0 0 0 0 0 0 0 0 0 0 638 637 636
0 0 0 0 0 0 0 0 0 0 0 0 0 0 0 0 0 0 0 0 0 0 0 0 0 0 0 0 0 0 0 0 0 0 0 636 636
0 0 0 0 0 0 0 0 0 0 0 0 0 0 0 0 0 0 0 0 0 0 0 0 0 0 0 0 0 0 0 0 0 0 0 0 638
0 0 0 0 0 0 0 0 0 0 0 0 0 0 0 0 0 0 0 0 0 0 0 0 0 0 0 0 0 0 0 0 0 0 0 0 0
